UMAP1,UMAP2,temp,Cluster,Grid_X,Grid_Y,State,Cluster_Change
12.8433075,-2.7033663,200.0,2,1,-1,glassy,False
12.713863,-2.9748788,200.5,2,1,-1,glassy,False
12.36797,-2.165606,201.0,2,1,-1,glassy,False
12.654476,-2.2475886,201.5,2,1,-1,glassy,False
12.476883,-2.0139663,202.0,2,1,-1,glassy,False
12.666647,-2.4669898,202.5,2,1,-1,glassy,False
12.325758,-2.7667809,203.0,2,1,-1,glassy,False
12.471753,-2.1138105,203.5,2,1,-1,glassy,False
12.260902,-2.0908775,204.0,2,1,-1,glassy,False
12.429297,-2.4290988,204.5,2,1,-1,glassy,False
12.494184,-2.2808435,205.0,2,1,-1,glassy,False
12.442226,-2.7346847,205.5,2,1,-1,glassy,False
12.631639,-2.9697695,206.0,2,1,-1,glassy,False
12.384369,-2.6381862,206.5,2,1,-1,glassy,False
12.785704,-2.8940887,207.0,2,1,-1,glassy,False
12.013784,-2.2860148,207.5,2,1,-1,glassy,False
12.92443,-2.6416106,208.0,2,1,-1,glassy,False
12.561952,-2.66911,208.5,2,1,-1,glassy,False
12.476235,-2.4444036,209.0,2,1,-1,glassy,False
12.47368,-2.485361,209.5,2,1,-1,glassy,False
12.700456,-2.7754202,210.0,2,1,-1,glassy,False
12.261981,-2.7446747,210.5,2,1,-1,glassy,False
12.711363,-2.7994974,211.0,2,1,-1,glassy,False
12.516008,-3.0002365,211.5,2,1,-1,glassy,False
12.267254,-2.0626347,212.0,2,1,-1,glassy,False
12.601979,-2.1484778,212.5,2,1,-1,glassy,False
12.663496,-2.5710158,213.0,2,1,-1,glassy,False
12.408154,-2.2050166,213.5,2,1,-1,glassy,False
12.131322,-2.316755,214.0,2,1,-1,glassy,False
12.576689,-2.6283941,214.5,2,1,-1,glassy,False
12.324213,-2.5756888,215.0,2,1,-1,glassy,False
12.305272,-2.0294173,215.5,2,1,-1,glassy,False
12.430173,-2.775747,216.0,2,1,-1,glassy,False
12.538651,-2.8167913,216.5,2,1,-1,glassy,False
12.701747,-2.4668062,217.0,2,1,-1,glassy,False
12.359071,-2.6701446,217.5,2,1,-1,glassy,False
12.214176,-2.0674107,218.0,2,1,-1,glassy,False
12.277744,-2.8626556,218.5,2,1,-1,glassy,False
12.121904,-3.033658,219.0,2,1,-1,glassy,False
12.606515,-2.0546021,219.5,2,1,-1,glassy,False
12.889637,-2.3881524,220.0,2,1,-1,glassy,False
12.226417,-2.6838288,220.5,2,1,-1,glassy,False
12.536102,-2.2177498,221.0,2,1,-1,glassy,False
12.56288,-2.2893012,221.5,2,1,-1,glassy,False
12.4232025,-2.290165,222.0,2,1,-1,glassy,False
12.160962,-2.0283906,222.5,2,1,-1,glassy,False
13.066385,-2.7184036,223.0,2,1,-1,glassy,False
12.916773,-2.4084406,223.5,2,1,-1,glassy,False
12.866457,-2.0827909,224.0,2,1,-1,glassy,False
12.668232,-1.8958744,224.5,2,1,-1,glassy,False
12.897015,-2.3878007,225.0,2,1,-1,glassy,False
13.290416,-3.3009698,225.5,2,1,-1,glassy,False
12.981583,-2.09838,226.0,2,1,-1,glassy,False
12.8315,-2.0441213,226.5,2,1,-1,glassy,False
12.934183,-2.082635,227.0,2,1,-1,glassy,False
12.647048,-2.1249301,227.5,2,1,-1,glassy,False
13.076418,-3.1154344,228.0,2,1,-1,glassy,False
13.211193,-2.628052,228.5,2,1,-1,glassy,False
11.872495,-2.858032,229.0,2,1,-1,glassy,False
12.395717,-1.9997883,229.5,2,1,-1,glassy,False
12.683829,-2.569712,230.0,2,1,-1,glassy,False
12.255003,-2.277935,230.5,2,1,-1,glassy,False
11.889811,-2.6346927,231.0,2,1,-1,glassy,False
12.145855,-2.4202693,231.5,2,1,-1,glassy,False
12.368728,-2.5877035,232.0,2,1,-1,glassy,False
12.151546,-3.5169837,232.5,2,1,-1,glassy,False
12.006494,-2.4015453,233.0,2,1,-1,glassy,False
12.283553,-2.7157779,233.5,2,1,-1,glassy,False
11.969902,-2.259007,234.0,2,1,-1,glassy,False
12.09805,-2.141056,234.5,2,1,-1,glassy,False
11.7648115,-3.1679978,235.0,2,1,-1,glassy,False
11.702006,-2.8200705,235.5,2,1,-1,glassy,False
12.121251,-2.4218109,236.0,2,1,-1,glassy,False
12.216329,-3.081676,236.5,2,1,-1,glassy,False
11.799686,-3.0741813,237.0,2,1,-1,glassy,False
11.786757,-3.1196187,237.5,2,1,-1,glassy,False
11.757629,-3.4075155,238.0,2,1,-1,glassy,False
12.095655,-2.1543844,238.5,2,1,-1,glassy,False
12.315518,-2.13351,239.0,2,1,-1,glassy,False
11.598135,-3.151284,239.5,2,1,-1,glassy,False
11.916578,-3.0728562,240.0,2,1,-1,glassy,False
12.209475,-3.2608032,240.5,2,1,-1,glassy,False
12.146483,-2.5769165,241.0,2,1,-1,glassy,False
12.375606,-3.372047,241.5,2,1,-1,glassy,False
13.118497,-3.8612568,242.0,2,1,-1,glassy,False
13.3763275,-3.767732,242.5,2,1,-1,glassy,False
13.195618,-3.6642127,243.0,2,1,-1,glassy,False
13.392308,-4.082909,243.5,2,1,-1,glassy,False
13.243339,-2.9229324,244.0,2,1,-1,glassy,False
13.376821,-3.3529572,244.5,2,1,-1,glassy,False
13.273545,-3.2438035,245.0,2,1,-1,glassy,False
13.22686,-3.2278059,245.5,2,1,-1,glassy,False
13.459113,-3.435228,246.0,2,1,-1,glassy,False
13.143117,-3.3812463,246.5,2,1,-1,glassy,False
13.043123,-2.3220282,247.0,2,1,-1,glassy,False
12.945296,-3.2925231,247.5,2,1,-1,glassy,False
13.05489,-4.0416236,248.0,2,1,-1,glassy,False
12.762012,-2.818576,248.5,2,1,-1,glassy,False
13.008356,-2.9586408,249.0,2,1,-1,glassy,False
12.708668,-2.7231843,249.5,2,1,-1,glassy,False
13.309448,-3.7531195,250.0,2,1,-1,glassy,False
12.098983,-2.9303265,250.5,2,1,-1,glassy,False
12.958764,-4.0990767,251.0,2,1,-1,glassy,False
13.295427,-4.1296144,251.5,2,1,-1,glassy,False
13.433812,-3.5760367,252.0,2,1,-1,glassy,False
12.943662,-3.5930853,252.5,2,1,-1,glassy,False
13.504534,-3.4685555,253.0,2,1,-1,glassy,False
13.014927,-3.924148,253.5,2,1,-1,glassy,False
13.037505,-3.0990303,254.0,2,1,-1,glassy,False
12.950537,-3.8260036,254.5,2,1,-1,glassy,False
13.209039,-3.8735716,255.0,2,1,-1,glassy,False
13.435626,-3.5881934,255.5,2,1,-1,glassy,False
13.304267,-4.1506896,256.0,2,1,-1,glassy,False
13.227105,-3.966253,256.5,2,1,-1,glassy,False
13.299605,-4.3135233,257.0,2,1,-1,glassy,False
13.170902,-4.2640824,257.5,2,1,-1,glassy,False
13.537048,-3.894526,258.0,2,1,-1,glassy,False
13.139204,-3.856243,258.5,2,1,-1,glassy,False
13.351593,-4.020253,259.0,2,1,-1,glassy,False
13.47127,-4.1628695,259.5,2,1,-1,glassy,False
13.046109,-3.9040897,260.0,2,1,-1,glassy,False
13.188877,-4.09524,260.5,2,1,-1,glassy,False
12.850353,-3.5913007,261.0,2,1,-1,glassy,False
13.138508,-3.5402994,261.5,2,1,-1,glassy,False
13.471316,-4.0232916,262.0,2,1,-1,glassy,False
13.4286175,-4.0643554,262.5,2,1,-1,glassy,False
13.413788,-3.8779862,263.0,2,1,-1,glassy,False
13.529629,-3.8355167,263.5,2,1,-1,glassy,False
12.987762,-4.185745,264.0,2,1,-1,glassy,False
13.366761,-4.0012107,264.5,2,1,-1,glassy,False
12.87971,-4.0931907,265.0,2,1,-1,glassy,False
13.515334,-4.2482224,265.5,2,1,-1,glassy,False
11.898054,-2.2711136,266.0,2,1,-1,glassy,False
12.079479,-2.925718,266.5,2,1,-1,glassy,False
11.673879,-2.7128298,267.0,2,1,-1,glassy,False
11.814268,-2.2360709,267.5,2,1,-1,glassy,False
11.841796,-2.761592,268.0,2,1,-1,glassy,False
12.080228,-2.8360093,268.5,2,1,-1,glassy,False
11.7262535,-2.8228726,269.0,2,1,-1,glassy,False
11.681102,-2.6422002,269.5,2,1,-1,glassy,False
12.709455,-3.1018028,270.0,2,1,-1,glassy,False
13.293673,-3.76285,270.5,2,1,-1,glassy,False
13.169755,-2.8133194,271.0,2,1,-1,glassy,False
12.83854,-2.4776754,271.5,2,1,-1,glassy,False
13.411957,-3.7557013,272.0,2,1,-1,glassy,False
12.249175,-3.4582832,272.5,2,1,-1,glassy,False
12.856039,-4.1790094,273.0,2,1,-1,glassy,False
12.422452,-3.1970658,273.5,2,1,-1,glassy,False
13.466145,-4.242861,274.0,2,1,-1,glassy,False
13.231908,-2.4812424,274.5,2,1,-1,glassy,False
12.871834,-3.3351521,275.0,2,1,-1,glassy,False
13.154629,-3.5223217,275.5,2,1,-1,glassy,False
12.226122,-4.252234,276.0,2,1,-1,glassy,False
12.941335,-4.4176683,276.5,2,1,-1,glassy,False
13.288017,-3.1089745,277.0,2,1,-1,glassy,False
13.084182,-4.3411236,277.5,2,1,-1,glassy,False
12.512978,-4.0147915,278.0,2,1,-1,glassy,False
12.260388,-4.0875483,278.5,2,1,-1,glassy,False
11.653937,-3.6553948,279.0,2,1,-1,glassy,False
11.903505,-4.165905,279.5,2,1,-1,glassy,False
11.684802,-3.3396423,280.0,2,1,-1,glassy,False
11.735262,-3.3809574,280.5,2,1,-1,glassy,False
11.525711,-3.459656,281.0,2,1,-1,glassy,False
12.775384,-4.0076375,281.5,2,1,-1,glassy,False
12.292259,-4.2142725,282.0,2,1,-1,glassy,False
11.642201,-3.9831493,282.5,2,1,-1,glassy,False
12.386768,-4.2667055,283.0,2,1,-1,glassy,False
12.589883,-4.3582134,283.5,2,1,-1,glassy,False
11.938606,-4.3240757,284.0,2,1,-1,glassy,False
12.4158745,-4.0165677,284.5,2,1,-1,glassy,False
12.654362,-4.2885513,285.0,2,1,-1,glassy,False
11.757933,-4.180481,285.5,2,1,-1,glassy,False
11.867714,-3.7821977,286.0,2,1,-1,glassy,False
11.518371,-3.6882966,286.5,2,1,-1,glassy,False
11.888347,-3.6037848,287.0,2,1,-1,glassy,False
11.8719,-3.7843158,287.5,2,1,-1,glassy,False
11.537139,-3.5237088,288.0,2,1,-1,glassy,False
11.95229,-3.8256285,288.5,2,1,-1,glassy,False
11.99726,-3.6646032,289.0,2,1,-1,glassy,False
11.737238,-3.7158763,289.5,2,1,-1,glassy,False
11.546127,-3.999877,290.0,2,1,-1,glassy,False
11.875078,-3.8780406,290.5,2,1,-1,glassy,False
11.5406475,-3.584123,291.0,2,1,-1,glassy,False
11.775449,-3.028146,291.5,2,1,-1,glassy,False
11.83033,-3.4979494,292.0,2,1,-1,glassy,False
11.991902,-2.7479045,292.5,2,1,-1,glassy,False
11.416991,-3.517191,293.0,2,1,-1,glassy,False
11.506078,-3.799536,293.5,2,1,-1,glassy,False
12.423446,-4.4483333,294.0,2,1,-1,glassy,False
12.3137865,-3.6796718,294.5,2,1,-1,glassy,False
12.787234,-4.3902125,295.0,2,1,-1,glassy,False
12.057657,-4.208867,295.5,2,1,-1,glassy,False
12.83882,-4.4564734,296.0,2,1,-1,glassy,False
11.537965,-4.5623274,296.5,2,1,-1,glassy,False
12.84582,-3.347803,297.0,2,1,-1,glassy,False
11.681409,-4.357135,297.5,2,1,-1,glassy,False
12.790178,-4.03761,298.0,2,1,-1,glassy,False
12.831765,-3.72769,298.5,2,1,-1,glassy,False
12.364216,-3.2854455,299.0,2,1,-1,glassy,False
12.458576,-4.035074,299.5,2,1,-1,glassy,False
12.245271,-4.199358,300.0,2,1,-1,glassy,False
12.195897,-4.147697,300.5,2,1,-1,glassy,False
12.765279,-4.4761195,301.0,2,1,-1,glassy,False
12.522949,-4.2693453,301.5,2,1,-1,glassy,False
11.852916,-4.369427,302.0,2,1,-1,glassy,False
12.091973,-4.4829087,302.5,2,1,-1,glassy,False
12.265017,-4.344349,303.0,2,1,-1,glassy,False
11.962999,-4.3506026,303.5,2,1,-1,glassy,False
12.090305,-4.546308,304.0,2,1,-1,glassy,False
12.149394,-4.252573,304.5,2,1,-1,glassy,False
11.686379,-4.4029365,305.0,2,1,-1,glassy,False
12.227822,-3.2288716,305.5,2,1,-1,glassy,False
12.836805,-2.033754,306.0,2,1,-1,glassy,False
12.349879,-3.086758,306.5,2,1,-1,glassy,False
12.3946295,-3.0804946,307.0,2,1,-1,glassy,False
12.198807,-3.0551207,307.5,2,1,-1,glassy,False
11.747184,-4.451762,308.0,2,1,-1,glassy,False
12.005069,-4.3569446,308.5,2,1,-1,glassy,False
11.806257,-4.274315,309.0,2,1,-1,glassy,False
11.827495,-4.3287573,309.5,2,1,-1,glassy,False
11.409253,-4.5297995,310.0,2,1,-1,glassy,False
4.5228906,-6.7885137,310.5,0,0,-1,rubbery,True
4.551699,-6.784173,311.0,0,0,-1,rubbery,False
4.45565,-6.952003,311.5,0,0,-1,rubbery,False
4.585575,-6.707234,312.0,0,0,-1,rubbery,False
4.487635,-6.9292474,312.5,0,0,-1,rubbery,False
4.4874096,-6.8725977,313.0,0,0,-1,rubbery,False
4.536371,-6.884801,313.5,0,0,-1,rubbery,False
4.4911475,-6.84198,314.0,0,0,-1,rubbery,False
4.5431905,-6.845021,314.5,0,0,-1,rubbery,False
4.3990006,-6.8182883,315.0,0,0,-1,rubbery,False
4.517228,-6.9367485,315.5,0,0,-1,rubbery,False
4.5443754,-6.888763,316.0,0,0,-1,rubbery,False
4.323156,-6.712587,316.5,0,0,-1,rubbery,False
4.344934,-6.6732554,317.0,0,0,-1,rubbery,False
4.3630366,-6.741913,317.5,0,0,-1,rubbery,False
4.5349092,-6.71955,318.0,0,0,-1,rubbery,False
4.394646,-6.845511,318.5,0,0,-1,rubbery,False
4.472422,-6.8882055,319.0,0,0,-1,rubbery,False
4.307595,-6.969866,319.5,0,0,-1,rubbery,False
4.356587,-7.0389404,320.0,0,0,-1,rubbery,False
4.200779,-7.043651,320.5,0,0,-1,rubbery,False
4.262844,-7.013025,321.0,0,0,-1,rubbery,False
4.239174,-6.9143257,321.5,0,0,-1,rubbery,False
4.231662,-6.9592543,322.0,0,0,-1,rubbery,False
1.0666485,-7.8966045,322.5,0,0,-1,rubbery,False
0.84207165,-7.9921713,323.0,0,0,-1,rubbery,False
0.9224594,-7.9706964,323.5,0,0,-1,rubbery,False
0.81938493,-8.04254,324.0,0,0,-1,rubbery,False
1.0110734,-7.9356937,324.5,0,0,-1,rubbery,False
0.7028287,-7.9904957,325.0,0,0,-1,rubbery,False
0.71722,-7.9804688,325.5,0,0,-1,rubbery,False
0.34121698,-7.980564,326.0,0,0,-1,rubbery,False
0.53330064,-8.060114,326.5,0,0,-1,rubbery,False
0.376957,-8.100632,327.0,0,0,-1,rubbery,False
0.3733288,-7.979029,327.5,0,0,-1,rubbery,False
0.2898752,-7.8455853,328.0,0,0,-1,rubbery,False
0.5962241,-8.110357,328.5,0,0,-1,rubbery,False
0.5496613,-7.9814706,329.0,0,0,-1,rubbery,False
0.53270626,-7.9724607,329.5,0,0,-1,rubbery,False
0.57548326,-7.924857,330.0,0,0,-1,rubbery,False
0.6127089,-7.9734263,330.5,0,0,-1,rubbery,False
0.6306411,-7.9850016,331.0,0,0,-1,rubbery,False
0.64331776,-8.011789,331.5,0,0,-1,rubbery,False
0.4947267,-7.8269787,332.0,0,0,-1,rubbery,False
0.5607067,-7.93185,332.5,0,0,-1,rubbery,False
0.40459642,-7.8770394,333.0,0,0,-1,rubbery,False
0.44642022,-8.131421,333.5,0,0,-1,rubbery,False
0.37490198,-7.988557,334.0,0,0,-1,rubbery,False
0.47216657,-7.975274,334.5,0,0,-1,rubbery,False
0.40404424,-7.9995146,335.0,0,0,-1,rubbery,False
0.40236455,-8.132316,335.5,0,0,-1,rubbery,False
0.012571216,-7.9553366,336.0,0,0,-1,rubbery,False
0.15347114,-8.003622,336.5,0,0,-1,rubbery,False
0.13350633,-8.007146,337.0,0,0,-1,rubbery,False
0.20705307,-7.932189,337.5,0,0,-1,rubbery,False
0.17764513,-8.123462,338.0,0,0,-1,rubbery,False
0.22119693,-8.080285,338.5,0,0,-1,rubbery,False
0.2519085,-8.013988,339.0,0,0,-1,rubbery,False
0.16320463,-7.993136,339.5,0,0,-1,rubbery,False
-1.660207,-8.076519,340.0,0,-1,-1,rubbery,False
-1.7048419,-8.118436,340.5,0,-1,-1,rubbery,False
-1.6114699,-8.129076,341.0,0,-1,-1,rubbery,False
-1.6646287,-8.059856,341.5,0,-1,-1,rubbery,False
-1.738519,-8.027709,342.0,0,-1,-1,rubbery,False
-1.6822963,-8.090103,342.5,0,-1,-1,rubbery,False
-1.6992004,-8.078401,343.0,0,-1,-1,rubbery,False
-1.6253685,-8.152644,343.5,0,-1,-1,rubbery,False
-1.7504739,-8.152575,344.0,0,-1,-1,rubbery,False
-1.7350874,-8.150864,344.5,0,-1,-1,rubbery,False
-1.6757197,-8.043723,345.0,0,-1,-1,rubbery,False
-1.7276394,-8.141197,345.5,0,-1,-1,rubbery,False
-1.645639,-8.090827,346.0,0,-1,-1,rubbery,False
-1.579924,-8.165611,346.5,0,-1,-1,rubbery,False
-1.626215,-8.203591,347.0,0,-1,-1,rubbery,False
-1.4843593,-8.1322,347.5,0,-1,-1,rubbery,False
-1.6498777,-8.205982,348.0,0,-1,-1,rubbery,False
-1.7393996,-8.282945,348.5,0,-1,-1,rubbery,False
-1.5503873,-8.076585,349.0,0,-1,-1,rubbery,False
-1.9065177,-8.4515915,349.5,0,-1,-1,rubbery,False
-6.039124,-11.589837,350.0,0,-1,-2,rubbery,False
-5.8815603,-11.453889,350.5,0,-1,-2,rubbery,False
-6.245736,-11.757011,351.0,0,-1,-2,rubbery,False
-6.3926597,-11.87789,351.5,0,-1,-2,rubbery,False
-6.4589825,-11.984603,352.0,0,-1,-2,rubbery,False
-6.159356,-11.692775,352.5,0,-1,-2,rubbery,False
-6.144522,-11.642357,353.0,0,-1,-2,rubbery,False
-6.1946015,-11.688658,353.5,0,-1,-2,rubbery,False
-6.139407,-11.667499,354.0,0,-1,-2,rubbery,False
-6.041478,-11.505887,354.5,0,-1,-2,rubbery,False
-6.2033896,-11.685057,355.0,0,-1,-2,rubbery,False
-6.1184025,-11.621082,355.5,0,-1,-2,rubbery,False
-6.016384,-11.496827,356.0,0,-1,-2,rubbery,False
-6.32621,-11.826708,356.5,0,-1,-2,rubbery,False
-6.1808834,-11.643779,357.0,0,-1,-2,rubbery,False
-6.171813,-11.701276,357.5,0,-1,-2,rubbery,False
-6.296349,-11.795834,358.0,0,-1,-2,rubbery,False
-6.070774,-11.774979,358.5,0,-1,-2,rubbery,False
-6.090136,-11.565622,359.0,0,-1,-2,rubbery,False
-6.2052283,-11.697583,359.5,0,-1,-2,rubbery,False
-6.568406,-12.052499,360.0,0,-1,-2,rubbery,False
-6.58837,-12.125518,360.5,0,-1,-2,rubbery,False
-6.6778717,-12.144468,361.0,0,-1,-2,rubbery,False
-6.5594406,-12.043848,361.5,0,-1,-2,rubbery,False
-6.619553,-12.082414,362.0,0,-1,-2,rubbery,False
-6.637936,-12.105776,362.5,0,-1,-2,rubbery,False
-6.715828,-12.1832,363.0,0,-1,-2,rubbery,False
-6.7612085,-12.224521,363.5,0,-1,-2,rubbery,False
-6.428997,-11.916759,364.0,0,-1,-2,rubbery,False
-6.5877914,-12.0658865,364.5,0,-1,-2,rubbery,False
-6.6761255,-12.148001,365.0,0,-1,-2,rubbery,False
-6.7421765,-12.207105,365.5,0,-1,-2,rubbery,False
-6.803722,-12.265893,366.0,0,-1,-2,rubbery,False
-6.8211956,-12.275096,366.5,0,-1,-2,rubbery,False
-6.8063383,-12.263288,367.0,0,-1,-2,rubbery,False
-6.8339314,-12.277471,367.5,0,-1,-2,rubbery,False
-6.757654,-12.221143,368.0,0,-1,-2,rubbery,False
-7.018341,-12.428454,368.5,0,-1,-2,rubbery,False
-7.0060215,-12.424244,369.0,0,-1,-2,rubbery,False
-7.0302677,-12.435984,369.5,0,-1,-2,rubbery,False
-8.075021,-13.174896,370.0,0,-1,-2,rubbery,False
-8.133641,-13.216696,370.5,0,-1,-2,rubbery,False
-8.118082,-13.213766,371.0,0,-1,-2,rubbery,False
-8.032952,-13.165112,371.5,0,-1,-2,rubbery,False
-8.013174,-13.13909,372.0,0,-1,-2,rubbery,False
-8.1977005,-13.277802,372.5,0,-1,-2,rubbery,False
-8.272578,-13.322188,373.0,0,-1,-2,rubbery,False
-8.256344,-13.330533,373.5,0,-1,-2,rubbery,False
-8.323503,-13.362461,374.0,0,-1,-2,rubbery,False
-8.260228,-13.317291,374.5,0,-1,-2,rubbery,False
-8.293632,-13.322886,375.0,0,-1,-2,rubbery,False
-8.275747,-13.329582,375.5,0,-1,-2,rubbery,False
-8.381639,-13.400813,376.0,0,-1,-2,rubbery,False
-8.449121,-13.466278,376.5,0,-1,-2,rubbery,False
-8.42349,-13.446401,377.0,0,-1,-2,rubbery,False
-8.411598,-13.429089,377.5,0,-1,-2,rubbery,False
-8.334882,-13.308136,378.0,0,-1,-2,rubbery,False
-8.472957,-13.484004,378.5,0,-1,-2,rubbery,False
-8.444845,-13.454196,379.0,0,-1,-2,rubbery,False
-8.386346,-13.402285,379.5,0,-1,-2,rubbery,False
-9.470842,-13.769266,380.0,0,-1,-2,rubbery,False
-9.838947,-13.913539,380.5,0,-1,-2,rubbery,False
-9.89108,-13.95716,381.0,0,-1,-2,rubbery,False
-9.856872,-13.853762,381.5,0,-1,-2,rubbery,False
-9.861922,-13.824913,382.0,0,-1,-2,rubbery,False
-9.81447,-13.887547,382.5,0,-1,-2,rubbery,False
-9.8485155,-13.9064455,383.0,0,-1,-2,rubbery,False
-9.7901,-13.855487,383.5,0,-1,-2,rubbery,False
-9.8619375,-13.864692,384.0,0,-1,-2,rubbery,False
-9.863751,-13.845696,384.5,0,-1,-2,rubbery,False
-9.920695,-13.982001,385.0,0,-1,-2,rubbery,False
-9.999377,-14.02495,385.5,0,-1,-2,rubbery,False
-9.972386,-13.964663,386.0,0,-1,-2,rubbery,False
-9.854915,-13.930751,386.5,0,-1,-2,rubbery,False
-9.847864,-13.906275,387.0,0,-1,-2,rubbery,False
-9.975004,-13.993772,387.5,0,-1,-2,rubbery,False
-9.734227,-13.786322,388.0,0,-1,-2,rubbery,False
-10.0280075,-14.044556,388.5,0,-2,-2,rubbery,False
-10.030196,-14.030337,389.0,0,-2,-2,rubbery,False
-9.924044,-14.021179,389.5,0,-1,-2,rubbery,False
-13.360006,-14.053635,390.0,0,-2,-2,rubbery,False
-10.321945,-13.959465,390.5,0,-2,-2,rubbery,False
-13.26592,-14.078599,391.0,0,-2,-2,rubbery,False
-13.504403,-14.047648,391.5,0,-2,-2,rubbery,False
-13.4099455,-14.138005,392.0,0,-2,-2,rubbery,False
-13.53088,-14.060031,392.5,0,-2,-2,rubbery,False
-13.627138,-14.084406,393.0,0,-2,-2,rubbery,False
-13.509585,-14.099317,393.5,0,-2,-2,rubbery,False
-13.542526,-14.091333,394.0,0,-2,-2,rubbery,False
-13.600886,-14.055061,394.5,0,-2,-2,rubbery,False
-13.571219,-14.039705,395.0,0,-2,-2,rubbery,False
-13.657598,-14.007363,395.5,0,-2,-2,rubbery,False
-13.62715,-14.060603,396.0,0,-2,-2,rubbery,False
-13.691357,-13.987472,396.5,0,-2,-2,rubbery,False
-13.852328,-14.019021,397.0,0,-2,-2,rubbery,False
-13.940302,-13.957943,397.5,0,-2,-2,rubbery,False
-13.86232,-14.016981,398.0,0,-2,-2,rubbery,False
-14.0424595,-13.937255,398.5,0,-2,-2,rubbery,False
-13.959625,-14.034976,399.0,0,-2,-2,rubbery,False
-14.258118,-14.018852,399.5,0,-2,-2,rubbery,False
-14.256745,-13.988782,400.0,0,-2,-2,rubbery,False
-14.368104,-13.9415865,400.5,0,-2,-2,rubbery,False
-14.386133,-13.983891,401.0,0,-2,-2,rubbery,False
-14.462742,-13.942854,401.5,0,-2,-2,rubbery,False
-14.341585,-14.051895,402.0,0,-2,-2,rubbery,False
-14.3250265,-13.924161,402.5,0,-2,-2,rubbery,False
-14.434088,-13.874047,403.0,0,-2,-2,rubbery,False
-14.37334,-13.934834,403.5,0,-2,-2,rubbery,False
-14.357098,-13.838038,404.0,0,-2,-2,rubbery,False
-14.473946,-13.942906,404.5,0,-2,-2,rubbery,False
-14.527291,-13.8527155,405.0,0,-2,-2,rubbery,False
-14.610029,-13.761209,405.5,0,-2,-2,rubbery,False
-14.499972,-13.906705,406.0,0,-2,-2,rubbery,False
-14.583245,-13.830651,406.5,0,-2,-2,rubbery,False
-14.582351,-13.855323,407.0,0,-2,-2,rubbery,False
-14.602819,-13.809031,407.5,0,-2,-2,rubbery,False
-14.640513,-13.786623,408.0,0,-2,-2,rubbery,False
-14.706407,-13.894838,408.5,0,-2,-2,rubbery,False
-14.60399,-13.801934,409.0,0,-2,-2,rubbery,False
-14.630823,-13.787116,409.5,0,-2,-2,rubbery,False
-22.920298,30.600159,410.0,1,-3,3,rubbery,False
-22.982952,30.519356,410.5,1,-3,3,rubbery,False
-22.972403,30.493116,411.0,1,-3,3,rubbery,False
-22.852852,30.655182,411.5,1,-3,3,rubbery,False
-22.872555,30.651752,412.0,1,-3,3,rubbery,False
-22.952477,30.581055,412.5,1,-3,3,rubbery,False
-22.897697,30.618399,413.0,1,-3,3,rubbery,False
-22.883322,30.733358,413.5,1,-3,3,rubbery,False
-22.864178,30.730701,414.0,1,-3,3,rubbery,False
-22.96574,30.56748,414.5,1,-3,3,rubbery,False
-22.987556,30.561441,415.0,1,-3,3,rubbery,False
-22.941793,30.704084,415.5,1,-3,3,rubbery,False
-22.856363,30.646873,416.0,1,-3,3,rubbery,False
-22.87726,30.692295,416.5,1,-3,3,rubbery,False
-23.004917,30.566002,417.0,1,-3,3,rubbery,False
-22.938549,30.63958,417.5,1,-3,3,rubbery,False
-22.979454,30.647943,418.0,1,-3,3,rubbery,False
-22.785135,31.001,418.5,1,-3,3,rubbery,False
-22.992975,30.886997,419.0,1,-3,3,rubbery,False
-22.890223,30.824543,419.5,1,-3,3,rubbery,False
-22.626926,31.618559,420.0,1,-3,3,rubbery,False
-22.600998,31.680283,420.5,1,-3,3,rubbery,False
-22.53299,31.860058,421.0,1,-3,3,rubbery,False
-22.56285,31.837788,421.5,1,-3,3,rubbery,False
-22.475216,32.058804,422.0,1,-3,3,rubbery,False
-22.413857,32.1945,422.5,1,-3,3,rubbery,False
-22.431337,32.214813,423.0,1,-3,3,rubbery,False
-22.423836,32.214596,423.5,1,-3,3,rubbery,False
-22.385004,32.261166,424.0,1,-3,3,rubbery,False
-22.31886,32.399357,424.5,1,-3,3,rubbery,False
-22.382086,32.287827,425.0,1,-3,3,rubbery,False
-22.414026,32.265194,425.5,1,-3,3,rubbery,False
-22.365007,32.33833,426.0,1,-3,3,rubbery,False
-22.294367,32.483917,426.5,1,-3,3,rubbery,False
-22.34773,32.40351,427.0,1,-3,3,rubbery,False
-22.313898,32.472588,427.5,1,-3,3,rubbery,False
-22.261103,32.490116,428.0,1,-3,3,rubbery,False
-22.225634,32.578777,428.5,1,-3,3,rubbery,False
-22.199682,32.63504,429.0,1,-3,3,rubbery,False
-22.17293,32.75476,429.5,1,-3,3,rubbery,False
-22.051508,32.920048,430.0,1,-3,3,rubbery,False
-22.107464,32.846485,430.5,1,-3,3,rubbery,False
-22.017658,33.000427,431.0,1,-3,3,rubbery,False
-22.1424,32.83943,431.5,1,-3,3,rubbery,False
-21.90483,33.22365,432.0,1,-3,3,rubbery,False
-21.753263,33.471928,432.5,1,-3,3,rubbery,False
-21.832134,33.36287,433.0,1,-3,3,rubbery,False
-21.771376,33.441597,433.5,1,-3,3,rubbery,False
-21.756887,33.49676,434.0,1,-3,3,rubbery,False
-21.689178,33.566868,434.5,1,-3,3,rubbery,False
-21.615017,33.644505,435.0,1,-3,3,rubbery,False
-21.696606,33.563152,435.5,1,-3,3,rubbery,False
-21.63094,33.634438,436.0,1,-3,3,rubbery,False
-21.656353,33.608547,436.5,1,-3,3,rubbery,False
-21.664505,33.598522,437.0,1,-3,3,rubbery,False
-21.541424,33.699917,437.5,1,-3,3,rubbery,False
-21.64671,33.60617,438.0,1,-3,3,rubbery,False
-21.505564,33.74763,438.5,1,-3,3,rubbery,False
-21.325861,33.827633,439.0,1,-3,3,rubbery,False
-21.415976,33.799488,439.5,1,-3,3,rubbery,False
-20.771252,34.084564,440.0,1,-3,3,rubbery,False
-20.837482,34.06007,440.5,1,-3,3,rubbery,False
-20.697468,34.129623,441.0,1,-3,3,rubbery,False
-20.761234,34.11116,441.5,1,-3,3,rubbery,False
-20.781227,34.081997,442.0,1,-3,3,rubbery,False
-20.635147,34.092396,442.5,1,-3,3,rubbery,False
-20.684963,34.15104,443.0,1,-3,3,rubbery,False
-20.785921,34.131016,443.5,1,-3,3,rubbery,False
-20.610126,34.200195,444.0,1,-3,3,rubbery,False
-20.626966,34.19056,444.5,1,-3,3,rubbery,False
-20.560225,34.270424,445.0,1,-3,3,rubbery,False
-20.492933,34.237484,445.5,1,-3,3,rubbery,False
-20.639992,34.175762,446.0,1,-3,3,rubbery,False
-20.26806,34.323956,446.5,1,-3,3,rubbery,False
-20.482458,34.260925,447.0,1,-3,3,rubbery,False
-20.490845,34.284355,447.5,1,-3,3,rubbery,False
-20.42711,34.327614,448.0,1,-3,3,rubbery,False
-20.560831,34.22906,448.5,1,-3,3,rubbery,False
-20.495426,34.295128,449.0,1,-3,3,rubbery,False
-20.43914,34.376774,449.5,1,-3,3,rubbery,False
-19.141127,34.601265,450.0,1,-2,3,rubbery,False
-19.101961,34.63924,450.5,1,-2,3,rubbery,False
-18.912886,34.688183,451.0,1,-2,3,rubbery,False
-18.852888,34.70115,451.5,1,-2,3,rubbery,False
-18.755087,34.66085,452.0,1,-2,3,rubbery,False
-18.793818,34.685127,452.5,1,-2,3,rubbery,False
-18.772533,34.737682,453.0,1,-2,3,rubbery,False
-18.736666,34.722237,453.5,1,-2,3,rubbery,False
-18.649189,34.72955,454.0,1,-2,3,rubbery,False
-18.777044,34.663746,454.5,1,-2,3,rubbery,False
-18.718466,34.79545,455.0,1,-2,3,rubbery,False
-18.45907,34.749523,455.5,1,-2,3,rubbery,False
-18.600431,34.785156,456.0,1,-2,3,rubbery,False
-18.489466,34.75558,456.5,1,-2,3,rubbery,False
-18.630836,34.753548,457.0,1,-2,3,rubbery,False
-18.622408,34.80205,457.5,1,-2,3,rubbery,False
-18.545002,34.766827,458.0,1,-2,3,rubbery,False
-18.4912,34.63288,458.5,1,-2,3,rubbery,False
-18.683676,34.67155,459.0,1,-2,3,rubbery,False
-18.532492,34.809334,459.5,1,-2,3,rubbery,False
-18.12127,34.73703,460.0,1,-2,3,rubbery,False
-18.11552,34.76478,460.5,1,-2,3,rubbery,False
-17.64809,34.758175,461.0,1,-2,3,rubbery,False
-17.253271,34.758842,461.5,1,-2,3,rubbery,False
-17.240286,34.754753,462.0,1,-2,3,rubbery,False
-17.044823,34.77952,462.5,1,-2,3,rubbery,False
-17.09343,34.764793,463.0,1,-2,3,rubbery,False
-16.981813,34.74263,463.5,1,-2,3,rubbery,False
-16.965122,34.74709,464.0,1,-2,3,rubbery,False
-16.906664,34.76145,464.5,1,-2,3,rubbery,False
-17.008022,34.764,465.0,1,-2,3,rubbery,False
-16.742315,34.727604,465.5,1,-2,3,rubbery,False
-16.829617,34.76748,466.0,1,-2,3,rubbery,False
-16.815926,34.683937,466.5,1,-2,3,rubbery,False
-16.698378,34.78679,467.0,1,-2,3,rubbery,False
-16.778421,34.79368,467.5,1,-2,3,rubbery,False
-16.354116,34.764503,468.0,1,-2,3,rubbery,False
-16.04695,34.76446,468.5,1,-2,3,rubbery,False
-16.02958,34.781353,469.0,1,-2,3,rubbery,False
-15.932108,34.766014,469.5,1,-2,3,rubbery,False
-15.619368,34.73082,470.0,1,-2,3,rubbery,False
-15.611834,34.748646,470.5,1,-2,3,rubbery,False
-15.599041,34.77584,471.0,1,-2,3,rubbery,False
-15.412139,34.82415,471.5,1,-2,3,rubbery,False
-15.539638,34.761196,472.0,1,-2,3,rubbery,False
-15.377671,34.832146,472.5,1,-2,3,rubbery,False
-15.251543,34.757065,473.0,1,-2,3,rubbery,False
-15.080905,34.83248,473.5,1,-2,3,rubbery,False
-15.245987,34.71173,474.0,1,-2,3,rubbery,False
-15.226889,34.87755,474.5,1,-2,3,rubbery,False
-15.168378,34.80423,475.0,1,-2,3,rubbery,False
-15.013214,34.82612,475.5,1,-2,3,rubbery,False
-15.12396,34.792076,476.0,1,-2,3,rubbery,False
-15.071346,34.835423,476.5,1,-2,3,rubbery,False
-15.138688,34.666798,477.0,1,-2,3,rubbery,False
-15.0681095,34.76094,477.5,1,-2,3,rubbery,False
-15.059745,34.74042,478.0,1,-2,3,rubbery,False
-15.047626,34.752445,478.5,1,-2,3,rubbery,False
-14.916376,34.84942,479.0,1,-2,3,rubbery,False
-14.998159,34.753613,479.5,1,-2,3,rubbery,False
-14.328261,35.0208,480.0,1,-2,3,rubbery,False
-14.388239,34.985023,480.5,1,-2,3,rubbery,False
-14.335173,35.00428,481.0,1,-2,3,rubbery,False
-14.234725,35.080574,481.5,1,-2,3,rubbery,False
-14.226458,35.073208,482.0,1,-2,3,rubbery,False
-13.891907,35.193108,482.5,1,-2,3,rubbery,False
-13.936636,35.17425,483.0,1,-2,3,rubbery,False
-13.912597,35.188004,483.5,1,-2,3,rubbery,False
-13.96433,35.132755,484.0,1,-2,3,rubbery,False
-13.903377,35.15602,484.5,1,-2,3,rubbery,False
-13.916386,35.130745,485.0,1,-2,3,rubbery,False
-13.854522,35.129406,485.5,1,-2,3,rubbery,False
-13.924683,35.133484,486.0,1,-2,3,rubbery,False
-13.774689,35.263542,486.5,1,-2,3,rubbery,False
-13.716765,35.32545,487.0,1,-2,3,rubbery,False
-13.665212,35.38853,487.5,1,-2,3,rubbery,False
-13.735393,35.312565,488.0,1,-2,3,rubbery,False
-13.876311,35.2187,488.5,1,-2,3,rubbery,False
-13.737655,35.32585,489.0,1,-2,3,rubbery,False
-13.850464,35.138435,489.5,1,-2,3,rubbery,False
-12.833295,36.209965,490.0,1,-2,3,rubbery,False
-12.780792,36.2652,490.5,1,-2,3,rubbery,False
-12.823497,36.222347,491.0,1,-2,3,rubbery,False
-12.881029,36.167465,491.5,1,-2,3,rubbery,False
-12.77175,36.275246,492.0,1,-2,3,rubbery,False
-12.750716,36.29511,492.5,1,-2,3,rubbery,False
-12.802563,36.242573,493.0,1,-2,3,rubbery,False
-12.828265,36.219944,493.5,1,-2,3,rubbery,False
-12.890098,36.15803,494.0,1,-2,3,rubbery,False
-12.772446,36.27351,494.5,1,-2,3,rubbery,False
-12.985909,36.06297,495.0,1,-2,3,rubbery,False
-12.924344,36.124237,495.5,1,-2,3,rubbery,False
-12.961583,36.088966,496.0,1,-2,3,rubbery,False
-12.954007,36.094624,496.5,1,-2,3,rubbery,False
-13.032994,36.019287,497.0,1,-2,3,rubbery,False
-13.054766,36.002975,497.5,1,-2,3,rubbery,False
-13.056042,35.999065,498.0,1,-2,3,rubbery,False
-13.198429,35.85927,498.5,1,-2,3,rubbery,False
-13.336211,35.7278,499.0,1,-2,3,rubbery,False
-13.398177,35.676754,499.5,1,-2,3,rubbery,False
-13.977235,35.225864,500.0,1,-2,3,rubbery,False
