UMAP1,UMAP2,temp,Cluster,Grid_X,Grid_Y,State,Cluster_Change
3.996146,-2.47151,200.0,3,0,-1,glassy,False
3.6249585,-1.5672684,200.5,3,0,-1,glassy,False
3.9452262,-2.3479912,201.0,3,0,-1,glassy,False
4.316084,-2.4840088,201.5,3,0,-1,glassy,False
3.8195605,-1.907002,202.0,3,0,-1,glassy,False
4.188967,-2.2417386,202.5,3,0,-1,glassy,False
3.581338,-1.24557,203.0,3,0,-1,glassy,False
3.745627,-1.675849,203.5,3,0,-1,glassy,False
4.0781646,-2.1129596,204.0,3,0,-1,glassy,False
3.8830776,-0.9643324,204.5,3,0,-1,glassy,False
4.1412225,-2.5717013,205.0,3,0,-1,glassy,False
3.8972476,-2.3030233,205.5,3,0,-1,glassy,False
4.3082676,-1.4809808,206.0,3,0,-1,glassy,False
3.9713173,-1.3828964,206.5,3,0,-1,glassy,False
3.5178623,-2.2355647,207.0,3,0,-1,glassy,False
3.6792693,-0.7802238,207.5,3,0,-1,glassy,False
3.6310697,-1.4042878,208.0,3,0,-1,glassy,False
3.9157832,-1.3002471,208.5,3,0,-1,glassy,False
3.3728456,-1.1895533,209.0,3,0,-1,glassy,False
4.127094,-2.0833616,209.5,3,0,-1,glassy,False
4.2541595,-2.1257784,210.0,3,0,-1,glassy,False
4.136608,-1.7259834,210.5,3,0,-1,glassy,False
3.9216964,-2.5949602,211.0,3,0,-1,glassy,False
3.6602473,-1.1547084,211.5,3,0,-1,glassy,False
4.668556,-2.1019838,212.0,3,0,-1,glassy,False
3.9811797,-1.7828399,212.5,3,0,-1,glassy,False
4.1136985,-1.8836217,213.0,3,0,-1,glassy,False
4.1210365,-2.1210554,213.5,3,0,-1,glassy,False
3.8794122,-1.8515062,214.0,3,0,-1,glassy,False
4.2484565,-1.0906644,214.5,3,0,-1,glassy,False
3.8708978,-1.019396,215.0,3,0,-1,glassy,False
4.2373676,-1.2475029,215.5,3,0,-1,glassy,False
3.6191738,-1.2645249,216.0,3,0,-1,glassy,False
3.7757492,-1.1206504,216.5,3,0,-1,glassy,False
4.2470636,-2.439639,217.0,3,0,-1,glassy,False
3.8187037,-2.1314535,217.5,3,0,-1,glassy,False
4.2691793,-2.6856387,218.0,3,0,-1,glassy,False
4.2950697,-2.7433734,218.5,3,0,-1,glassy,False
3.6393845,-2.3685417,219.0,3,0,-1,glassy,False
3.903005,-2.151712,219.5,3,0,-1,glassy,False
3.9393604,-1.5341569,220.0,3,0,-1,glassy,False
4.0570683,-2.4689445,220.5,3,0,-1,glassy,False
4.656807,-2.4437478,221.0,3,0,-1,glassy,False
4.409015,-1.0211883,221.5,3,0,-1,glassy,False
3.6583147,-2.230026,222.0,3,0,-1,glassy,False
3.898326,-2.5487566,222.5,3,0,-1,glassy,False
3.6263387,-2.4476929,223.0,3,0,-1,glassy,False
3.5759597,-1.774272,223.5,3,0,-1,glassy,False
3.9647236,-2.4232757,224.0,3,0,-1,glassy,False
4.132879,-2.3992357,224.5,3,0,-1,glassy,False
3.8202562,-2.6660123,225.0,3,0,-1,glassy,False
4.4215565,-2.4611099,225.5,3,0,-1,glassy,False
4.5136285,-2.476951,226.0,3,0,-1,glassy,False
3.992078,-2.4966395,226.5,3,0,-1,glassy,False
3.7247264,-1.7776726,227.0,3,0,-1,glassy,False
3.9800844,-2.7464094,227.5,3,0,-1,glassy,False
3.8269048,-1.9820023,228.0,3,0,-1,glassy,False
4.659472,-2.2134712,228.5,3,0,-1,glassy,False
3.978679,-2.3850973,229.0,3,0,-1,glassy,False
4.143215,-2.0979598,229.5,3,0,-1,glassy,False
4.565532,-2.4011106,230.0,3,0,-1,glassy,False
4.6817803,-2.0674016,230.5,3,0,-1,glassy,False
4.624794,-1.8238903,231.0,3,0,-1,glassy,False
4.2121277,-1.3561621,231.5,3,0,-1,glassy,False
3.5826948,-1.9706131,232.0,3,0,-1,glassy,False
4.340967,-1.4196398,232.5,3,0,-1,glassy,False
4.8243184,-1.4506857,233.0,3,0,-1,glassy,False
4.3061414,-1.5756272,233.5,3,0,-1,glassy,False
4.5095105,-1.8398738,234.0,3,0,-1,glassy,False
3.32489,-2.2270646,234.5,3,0,-1,glassy,False
4.0423436,-1.6383848,235.0,3,0,-1,glassy,False
3.247813,-1.9321717,235.5,3,0,-1,glassy,False
3.9718993,-0.9889738,236.0,3,0,-1,glassy,False
5.2431417,-0.90416783,236.5,3,0,-1,glassy,False
4.0277042,-1.856195,237.0,3,0,-1,glassy,False
4.2878885,-1.7388963,237.5,3,0,-1,glassy,False
3.824827,-1.6896825,238.0,3,0,-1,glassy,False
4.230272,-2.7784424,238.5,3,0,-1,glassy,False
3.8987055,-1.0466354,239.0,3,0,-1,glassy,False
3.480557,-1.4245083,239.5,3,0,-1,glassy,False
3.6562479,-1.2720854,240.0,3,0,-1,glassy,False
4.3071623,-1.4384341,240.5,3,0,-1,glassy,False
3.0882444,-1.5631456,241.0,3,0,-1,glassy,False
3.394099,-1.5812868,241.5,3,0,-1,glassy,False
3.2604716,-1.3429736,242.0,3,0,-1,glassy,False
3.1555378,-1.8876644,242.5,3,0,-1,glassy,False
3.156248,-1.3864523,243.0,3,0,-1,glassy,False
3.1729896,-1.3420762,243.5,3,0,-1,glassy,False
3.929432,-1.680637,244.0,3,0,-1,glassy,False
3.5086102,-1.5059607,244.5,3,0,-1,glassy,False
4.5837502,-1.0214671,245.0,3,0,-1,glassy,False
3.1321797,-2.0882392,245.5,3,0,-1,glassy,False
3.3284323,-1.4675668,246.0,3,0,-1,glassy,False
3.1560879,-2.1538887,246.5,3,0,-1,glassy,False
3.4300287,-1.1926818,247.0,3,0,-1,glassy,False
3.5212433,-2.5982835,247.5,3,0,-1,glassy,False
4.312667,-2.816967,248.0,3,0,-1,glassy,False
4.4032135,-1.9645203,248.5,3,0,-1,glassy,False
4.0128355,-1.809103,249.0,3,0,-1,glassy,False
3.3149252,-1.6145163,249.5,3,0,-1,glassy,False
4.76434,-1.2617043,250.0,3,0,-1,glassy,False
3.3528976,-2.1229844,250.5,3,0,-1,glassy,False
3.3246312,-2.0766978,251.0,3,0,-1,glassy,False
3.0229506,-1.5954164,251.5,3,0,-1,glassy,False
3.1728933,-2.129423,252.0,3,0,-1,glassy,False
3.4432316,-1.6712673,252.5,3,0,-1,glassy,False
3.7444832,-0.58753294,253.0,3,0,-1,glassy,False
3.944978,-0.84794915,253.5,3,0,-1,glassy,False
4.2992234,-2.2280579,254.0,3,0,-1,glassy,False
4.4277763,-2.318055,254.5,3,0,-1,glassy,False
4.4745684,-2.5907092,255.0,3,0,-1,glassy,False
3.436042,-1.4709682,255.5,3,0,-1,glassy,False
3.7092726,-2.1679752,256.0,3,0,-1,glassy,False
3.7238598,-2.2153535,256.5,3,0,-1,glassy,False
4.6197085,-1.2720455,257.0,3,0,-1,glassy,False
3.5284314,-2.638316,257.5,3,0,-1,glassy,False
4.5043416,-0.9412816,258.0,3,0,-1,glassy,False
4.632125,-1.4140054,258.5,3,0,-1,glassy,False
4.626009,-1.2285063,259.0,3,0,-1,glassy,False
4.9623632,-1.1543651,259.5,3,0,-1,glassy,False
4.376118,-1.3038007,260.0,3,0,-1,glassy,False
3.8993,-1.7232456,260.5,3,0,-1,glassy,False
3.2044773,-1.81797,261.0,3,0,-1,glassy,False
3.1596422,-1.6629864,261.5,3,0,-1,glassy,False
3.6943176,-1.5846746,262.0,3,0,-1,glassy,False
4.4167147,-2.3363602,262.5,3,0,-1,glassy,False
4.5759063,-0.69027734,263.0,3,0,-1,glassy,False
4.2555156,-1.6066828,263.5,3,0,-1,glassy,False
3.8854194,-2.230728,264.0,3,0,-1,glassy,False
3.7697544,-2.086904,264.5,3,0,-1,glassy,False
4.332929,-2.6095448,265.0,3,0,-1,glassy,False
3.4592261,-1.3545014,265.5,3,0,-1,glassy,False
4.3839793,-2.114496,266.0,3,0,-1,glassy,False
3.0948834,-1.5733929,266.5,3,0,-1,glassy,False
3.6515236,-1.1868442,267.0,3,0,-1,glassy,False
3.2392683,-1.7503453,267.5,3,0,-1,glassy,False
3.9601996,-1.5089191,268.0,3,0,-1,glassy,False
3.4634538,-0.97803307,268.5,3,0,-1,glassy,False
3.3069441,-1.6121125,269.0,3,0,-1,glassy,False
3.7464795,-1.7929829,269.5,3,0,-1,glassy,False
4.533516,-1.6034422,270.0,3,0,-1,glassy,False
4.9510317,-1.867832,270.5,3,0,-1,glassy,False
4.4522986,-2.7113898,271.0,3,0,-1,glassy,False
3.421543,-1.7517191,271.5,3,0,-1,glassy,False
4.2881827,-2.2689981,272.0,3,0,-1,glassy,False
3.6915631,-2.6159112,272.5,3,0,-1,glassy,False
4.4531474,-2.7953162,273.0,3,0,-1,glassy,False
4.9589157,-0.96272784,273.5,3,0,-1,glassy,False
4.9513865,-0.96845096,274.0,3,0,-1,glassy,False
4.108073,-2.0252025,274.5,3,0,-1,glassy,False
5.3200865,-0.82100046,275.0,3,0,-1,glassy,False
5.192898,-1.0949416,275.5,3,0,-1,glassy,False
4.653822,-0.8759355,276.0,3,0,-1,glassy,False
5.472925,-0.95859355,276.5,3,0,-1,glassy,False
4.4956098,-0.9389316,277.0,3,0,-1,glassy,False
4.6548576,-0.8799472,277.5,3,0,-1,glassy,False
3.7905169,-1.4724754,278.0,3,0,-1,glassy,False
4.7818527,-2.3384488,278.5,3,0,-1,glassy,False
4.9684324,-1.1873239,279.0,3,0,-1,glassy,False
4.3982534,-1.124339,279.5,3,0,-1,glassy,False
4.92415,-1.8148165,280.0,3,0,-1,glassy,False
4.6855464,-1.6940335,280.5,3,0,-1,glassy,False
4.126027,-1.3870488,281.0,3,0,-1,glassy,False
4.765041,-2.312518,281.5,3,0,-1,glassy,False
4.162378,-1.3142366,282.0,3,0,-1,glassy,False
3.9455411,-1.3083403,282.5,3,0,-1,glassy,False
4.7762704,-0.84458137,283.0,3,0,-1,glassy,False
4.8693814,-0.84227616,283.5,3,0,-1,glassy,False
4.3136234,-1.1135917,284.0,3,0,-1,glassy,False
4.718131,-1.2643871,284.5,3,0,-1,glassy,False
4.237037,-0.8900965,285.0,3,0,-1,glassy,False
4.6514416,-0.9444331,285.5,3,0,-1,glassy,False
3.622544,-2.0212126,286.0,3,0,-1,glassy,False
3.414139,-2.6317973,286.5,3,0,-1,glassy,False
4.153589,-1.1360807,287.0,3,0,-1,glassy,False
3.4176793,-1.8686899,287.5,3,0,-1,glassy,False
5.030539,-1.7081043,288.0,3,0,-1,glassy,False
3.2567313,-1.481747,288.5,3,0,-1,glassy,False
3.2951992,-2.0402086,289.0,3,0,-1,glassy,False
3.0788302,-1.8084964,289.5,3,0,-1,glassy,False
4.519454,-2.524644,290.0,3,0,-1,glassy,False
4.548771,-0.87387466,290.5,3,0,-1,glassy,False
5.0708,-0.6527794,291.0,3,0,-1,glassy,False
4.506747,-0.6774117,291.5,3,0,-1,glassy,False
4.9286427,-0.75980425,292.0,3,0,-1,glassy,False
4.469065,-1.6892109,292.5,3,0,-1,glassy,False
3.9422581,-1.1090318,293.0,3,0,-1,glassy,False
4.9187813,-2.0673976,293.5,3,0,-1,glassy,False
4.452139,-1.8397803,294.0,3,0,-1,glassy,False
4.595238,-1.5394208,294.5,3,0,-1,glassy,False
4.0235224,-0.97288907,295.0,3,0,-1,glassy,False
4.0559993,-1.1221848,295.5,3,0,-1,glassy,False
5.0185685,-2.1175148,296.0,3,0,-1,glassy,False
4.8053784,-1.574369,296.5,3,0,-1,glassy,False
5.0047283,-1.6300957,297.0,3,0,-1,glassy,False
5.030074,-0.6066449,297.5,3,0,-1,glassy,False
4.8925934,-0.75720245,298.0,3,0,-1,glassy,False
5.189971,-0.716722,298.5,3,0,-1,glassy,False
5.4051037,-0.72311246,299.0,3,0,-1,glassy,False
5.174453,-1.3125329,299.5,3,0,-1,glassy,False
5.6175556,-1.2401444,300.0,3,0,-1,glassy,False
5.7718654,-1.183611,300.5,3,0,-1,glassy,False
5.934319,-0.91689587,301.0,3,0,-1,glassy,False
5.815697,-1.0065365,301.5,3,0,-1,glassy,False
5.868353,-1.0789884,302.0,3,0,-1,glassy,False
5.9458957,-0.96055984,302.5,3,0,-1,glassy,False
5.5863633,-1.2128856,303.0,3,0,-1,glassy,False
5.877959,-0.91240036,303.5,3,0,-1,glassy,False
5.970567,-0.95437247,304.0,3,0,-1,glassy,False
5.819956,-0.8005048,304.5,3,0,-1,glassy,False
5.716509,-0.77000254,305.0,3,0,-1,glassy,False
5.7473645,-0.73876476,305.5,3,0,-1,glassy,False
5.907062,-0.8880576,306.0,3,0,-1,glassy,False
5.8659716,-0.8299471,306.5,3,0,-1,glassy,False
5.7905736,-0.79323685,307.0,3,0,-1,glassy,False
5.907273,-0.8547654,307.5,3,0,-1,glassy,False
5.947028,-0.8657347,308.0,3,0,-1,glassy,False
5.806748,-0.81145775,308.5,3,0,-1,glassy,False
5.6461873,-0.9139154,309.0,3,0,-1,glassy,False
5.797323,-0.81021494,309.5,3,0,-1,glassy,False
4.1214066,3.14634,310.0,2,0,0,rubbery,True
4.2008595,3.036632,310.5,2,0,0,rubbery,False
4.2454367,3.103433,311.0,2,0,0,rubbery,False
3.7801242,-1.006772,311.5,3,0,-1,glassy,True
4.3179507,3.2967603,312.0,2,0,0,rubbery,True
4.311316,3.2380996,312.5,2,0,0,rubbery,False
4.081803,3.3622463,313.0,2,0,0,rubbery,False
4.5047913,3.198902,313.5,2,0,0,rubbery,False
3.9564595,3.0456648,314.0,2,0,0,rubbery,False
4.3208222,3.1872883,314.5,2,0,0,rubbery,False
3.5541136,-0.4787024,315.0,3,0,-1,glassy,True
4.25949,3.291855,315.5,2,0,0,rubbery,True
4.1269546,3.142336,316.0,2,0,0,rubbery,False
4.4037843,3.2538235,316.5,2,0,0,rubbery,False
4.219876,3.3430054,317.0,2,0,0,rubbery,False
4.3980165,3.2960675,317.5,2,0,0,rubbery,False
4.543068,3.1898506,318.0,2,0,0,rubbery,False
4.7164264,-1.8290914,318.5,3,0,-1,glassy,True
3.980019,-0.5599083,319.0,3,0,-1,glassy,False
3.020942,-0.011638558,319.5,3,0,-1,glassy,False
4.050699,3.0323472,320.0,2,0,0,rubbery,True
4.0998225,3.1357925,320.5,2,0,0,rubbery,False
3.989358,3.016124,321.0,2,0,0,rubbery,False
4.106189,2.671384,321.5,2,0,0,rubbery,False
3.8694246,2.8266037,322.0,2,0,0,rubbery,False
3.9284968,2.8750157,322.5,2,0,0,rubbery,False
3.9124997,2.5273824,323.0,2,0,0,rubbery,False
4.0879498,2.9342165,323.5,2,0,0,rubbery,False
3.9849708,3.1277733,324.0,2,0,0,rubbery,False
3.9186695,2.9603992,324.5,2,0,0,rubbery,False
4.192562,3.1289515,325.0,2,0,0,rubbery,False
4.0356064,3.0303295,325.5,2,0,0,rubbery,False
3.8916702,2.9517097,326.0,2,0,0,rubbery,False
4.0186353,3.080797,326.5,2,0,0,rubbery,False
4.010548,3.074786,327.0,2,0,0,rubbery,False
3.9800828,3.188371,327.5,2,0,0,rubbery,False
4.1524067,3.0268385,328.0,2,0,0,rubbery,False
4.03098,3.2606924,328.5,2,0,0,rubbery,False
4.102825,2.6392453,329.0,2,0,0,rubbery,False
4.009965,3.1891584,329.5,2,0,0,rubbery,False
3.797073,2.795291,330.0,2,0,0,rubbery,False
4.361788,-0.25464496,330.5,3,0,-1,glassy,True
3.7309554,2.485294,331.0,2,0,0,rubbery,True
3.674766,2.5005214,331.5,2,0,0,rubbery,False
3.5960453,2.107556,332.0,2,0,0,rubbery,False
3.5992482,2.4629104,332.5,2,0,0,rubbery,False
3.6450737,2.380652,333.0,2,0,0,rubbery,False
3.6613,2.317953,333.5,2,0,0,rubbery,False
3.5131936,2.4786503,334.0,2,0,0,rubbery,False
3.3460784,2.2755215,334.5,2,0,0,rubbery,False
3.7137485,2.717088,335.0,2,0,0,rubbery,False
3.471336,2.385395,335.5,2,0,0,rubbery,False
3.5486202,2.2577162,336.0,2,0,0,rubbery,False
5.0265245,-1.0318383,336.5,3,0,-1,glassy,True
3.0199358,1.9695495,337.0,2,0,0,rubbery,True
2.8351324,2.0540438,337.5,2,0,0,rubbery,False
2.8664877,2.0966706,338.0,2,0,0,rubbery,False
2.5749679,2.0109076,338.5,2,0,0,rubbery,False
2.3378024,1.9681947,339.0,2,0,0,rubbery,False
2.4586172,1.9055712,339.5,2,0,0,rubbery,False
1.7630839,1.7204591,340.0,2,0,0,rubbery,False
1.942664,1.6713678,340.5,2,0,0,rubbery,False
1.8598917,1.730087,341.0,2,0,0,rubbery,False
2.0283504,1.7182442,341.5,2,0,0,rubbery,False
2.0612159,1.8769876,342.0,2,0,0,rubbery,False
2.005061,1.8589381,342.5,2,0,0,rubbery,False
1.8551452,1.7144978,343.0,2,0,0,rubbery,False
2.0362108,1.8152404,343.5,2,0,0,rubbery,False
1.829144,1.7067267,344.0,2,0,0,rubbery,False
1.7928915,1.7146498,344.5,2,0,0,rubbery,False
2.3444092,1.8928521,345.0,2,0,0,rubbery,False
2.1879954,1.7841023,345.5,2,0,0,rubbery,False
1.934522,1.9425865,346.0,2,0,0,rubbery,False
1.7424215,1.3178443,346.5,2,0,0,rubbery,False
1.9203416,1.7331821,347.0,2,0,0,rubbery,False
1.9762589,1.5781842,347.5,2,0,0,rubbery,False
1.8342115,1.8666024,348.0,2,0,0,rubbery,False
1.9678276,1.8309981,348.5,2,0,0,rubbery,False
1.7566786,2.0524588,349.0,2,0,0,rubbery,False
1.9704,1.8280363,349.5,2,0,0,rubbery,False
1.6200421,1.9218929,350.0,2,0,0,rubbery,False
1.7729197,1.9174104,350.5,2,0,0,rubbery,False
1.8989425,1.7687997,351.0,2,0,0,rubbery,False
1.6619675,1.968523,351.5,2,0,0,rubbery,False
1.7965325,2.0579505,352.0,2,0,0,rubbery,False
1.6792423,2.069954,352.5,2,0,0,rubbery,False
1.8221551,1.9748693,353.0,2,0,0,rubbery,False
1.5330266,1.7846004,353.5,2,0,0,rubbery,False
1.4080571,2.0309956,354.0,2,0,0,rubbery,False
1.4322132,2.0481348,354.5,2,0,0,rubbery,False
1.3543446,2.007045,355.0,2,0,0,rubbery,False
1.4052423,2.1221714,355.5,2,0,0,rubbery,False
1.4241228,1.8537621,356.0,2,0,0,rubbery,False
1.4212036,1.8233749,356.5,2,0,0,rubbery,False
1.3534361,2.0469613,357.0,2,0,0,rubbery,False
1.2207069,1.9024843,357.5,2,0,0,rubbery,False
1.299498,1.9809607,358.0,2,0,0,rubbery,False
1.264266,2.067016,358.5,2,0,0,rubbery,False
1.3320929,1.7214926,359.0,2,0,0,rubbery,False
1.4474497,1.8684098,359.5,2,0,0,rubbery,False
1.9568117,0.70716494,360.0,2,0,0,rubbery,False
1.8947531,0.86661446,360.5,2,0,0,rubbery,False
1.739252,0.778275,361.0,2,0,0,rubbery,False
2.0017917,0.829642,361.5,2,0,0,rubbery,False
1.7058983,0.9426794,362.0,2,0,0,rubbery,False
1.9331139,0.7654216,362.5,2,0,0,rubbery,False
1.9556725,0.83901083,363.0,2,0,0,rubbery,False
1.7668546,0.884683,363.5,2,0,0,rubbery,False
1.6495897,0.96046454,364.0,2,0,0,rubbery,False
1.7241106,1.0373921,364.5,2,0,0,rubbery,False
1.5945879,1.0035826,365.0,2,0,0,rubbery,False
1.71736,1.0198867,365.5,2,0,0,rubbery,False
1.6697652,1.1041837,366.0,2,0,0,rubbery,False
1.5936329,1.1275442,366.5,2,0,0,rubbery,False
1.6007946,1.0419997,367.0,2,0,0,rubbery,False
1.5437069,1.0323267,367.5,2,0,0,rubbery,False
1.4989117,0.96489084,368.0,2,0,0,rubbery,False
1.5770245,0.9613079,368.5,2,0,0,rubbery,False
1.5388241,0.83897257,369.0,2,0,0,rubbery,False
1.5239328,0.7490737,369.5,2,0,0,rubbery,False
27.611202,17.817005,370.0,1,2,1,rubbery,False
27.7154,17.86978,370.5,1,2,1,rubbery,False
27.702358,17.87569,371.0,1,2,1,rubbery,False
27.746202,17.894766,371.5,1,2,1,rubbery,False
27.793217,17.921425,372.0,1,2,1,rubbery,False
27.708149,17.883642,372.5,1,2,1,rubbery,False
27.662777,17.837936,373.0,1,2,1,rubbery,False
27.745684,17.875538,373.5,1,2,1,rubbery,False
27.868954,17.963993,374.0,1,2,1,rubbery,False
27.894789,17.868998,374.5,1,2,1,rubbery,False
27.818575,17.899351,375.0,1,2,1,rubbery,False
27.769974,17.799774,375.5,1,2,1,rubbery,False
27.901516,17.989906,376.0,1,2,1,rubbery,False
27.942968,18.018898,376.5,1,2,1,rubbery,False
27.883787,17.90856,377.0,1,2,1,rubbery,False
27.95411,18.017937,377.5,1,2,1,rubbery,False
28.03791,17.968538,378.0,1,2,1,rubbery,False
28.343845,18.08251,378.5,1,2,1,rubbery,False
28.532715,18.168623,379.0,1,2,1,rubbery,False
28.559786,18.16309,379.5,1,2,1,rubbery,False
28.985247,18.291622,380.0,1,2,1,rubbery,False
28.875608,18.229822,380.5,1,2,1,rubbery,False
28.833115,18.262821,381.0,1,2,1,rubbery,False
28.985409,18.312668,381.5,1,2,1,rubbery,False
28.854982,18.22904,382.0,1,2,1,rubbery,False
28.9575,18.280436,382.5,1,2,1,rubbery,False
28.89843,18.281818,383.0,1,2,1,rubbery,False
28.8774,18.294636,383.5,1,2,1,rubbery,False
29.172302,18.359892,384.0,1,2,1,rubbery,False
29.191761,18.382309,384.5,1,2,1,rubbery,False
29.191275,18.372992,385.0,1,2,1,rubbery,False
29.1022,18.322157,385.5,1,2,1,rubbery,False
29.189976,18.426014,386.0,1,2,1,rubbery,False
29.271412,18.407297,386.5,1,2,1,rubbery,False
29.288555,18.415354,387.0,1,2,1,rubbery,False
29.214169,18.318539,387.5,1,2,1,rubbery,False
29.474491,18.456379,388.0,1,2,1,rubbery,False
29.448988,18.435081,388.5,1,2,1,rubbery,False
29.511415,18.49849,389.0,1,2,1,rubbery,False
29.452272,18.414364,389.5,1,2,1,rubbery,False
30.526573,18.693521,390.0,1,3,1,rubbery,False
30.530546,18.643616,390.5,1,3,1,rubbery,False
30.532999,18.633556,391.0,1,3,1,rubbery,False
30.595314,18.67028,391.5,1,3,1,rubbery,False
30.724386,18.679153,392.0,1,3,1,rubbery,False
30.774244,18.703598,392.5,1,3,1,rubbery,False
30.661282,18.636354,393.0,1,3,1,rubbery,False
30.746746,18.698826,393.5,1,3,1,rubbery,False
30.942675,18.751488,394.0,1,3,1,rubbery,False
30.913692,18.756306,394.5,1,3,1,rubbery,False
30.869263,18.717861,395.0,1,3,1,rubbery,False
30.914522,18.717312,395.5,1,3,1,rubbery,False
30.992943,18.789446,396.0,1,3,1,rubbery,False
31.070807,18.796097,396.5,1,3,1,rubbery,False
31.12061,18.821499,397.0,1,3,1,rubbery,False
31.16094,18.801073,397.5,1,3,1,rubbery,False
31.31754,18.858852,398.0,1,3,1,rubbery,False
31.363874,18.869553,398.5,1,3,1,rubbery,False
31.42572,18.87394,399.0,1,3,1,rubbery,False
31.499828,18.852015,399.5,1,3,1,rubbery,False
31.766108,18.910843,400.0,1,3,1,rubbery,False
31.749685,18.90891,400.5,1,3,1,rubbery,False
31.82856,18.97049,401.0,1,3,1,rubbery,False
31.920984,18.932615,401.5,1,3,1,rubbery,False
31.84931,18.965473,402.0,1,3,1,rubbery,False
31.800186,19.038744,402.5,1,3,1,rubbery,False
31.838121,18.937782,403.0,1,3,1,rubbery,False
31.900986,19.038057,403.5,1,3,1,rubbery,False
31.930277,18.99312,404.0,1,3,1,rubbery,False
31.979855,19.075314,404.5,1,3,1,rubbery,False
31.921103,19.054443,405.0,1,3,1,rubbery,False
31.920435,18.992424,405.5,1,3,1,rubbery,False
31.971468,19.027376,406.0,1,3,1,rubbery,False
31.923054,18.949692,406.5,1,3,1,rubbery,False
32.02544,18.957155,407.0,1,3,1,rubbery,False
32.051258,19.075176,407.5,1,3,1,rubbery,False
32.067562,19.078999,408.0,1,3,1,rubbery,False
32.01343,18.994398,408.5,1,3,1,rubbery,False
31.974926,19.090712,409.0,1,3,1,rubbery,False
32.089634,18.977688,409.5,1,3,1,rubbery,False
19.992788,-5.635813,410.0,4,1,-1,rubbery,False
19.968557,-5.660468,410.5,4,1,-1,rubbery,False
19.933115,-5.6956906,411.0,4,1,-1,rubbery,False
19.947157,-5.6818624,411.5,4,1,-1,rubbery,False
19.980942,-5.6481023,412.0,4,1,-1,rubbery,False
19.93465,-5.694884,412.5,4,1,-1,rubbery,False
19.895489,-5.733682,413.0,4,1,-1,rubbery,False
19.884186,-5.74499,413.5,4,1,-1,rubbery,False
19.818285,-5.8108687,414.0,4,1,-1,rubbery,False
19.86879,-5.760418,414.5,4,1,-1,rubbery,False
20.01888,-5.610269,415.0,4,2,-1,rubbery,False
19.83317,-5.796075,415.5,4,1,-1,rubbery,False
19.99354,-5.6359153,416.0,4,1,-1,rubbery,False
19.91773,-5.7115016,416.5,4,1,-1,rubbery,False
19.96642,-5.6627903,417.0,4,1,-1,rubbery,False
19.582943,-6.04509,417.5,4,1,-1,rubbery,False
19.890717,-5.738671,418.0,4,1,-1,rubbery,False
19.793806,-5.8355584,418.5,4,1,-1,rubbery,False
19.704855,-5.9240947,419.0,4,1,-1,rubbery,False
19.828764,-5.800345,419.5,4,1,-1,rubbery,False
19.054798,-6.5698566,420.0,4,1,-1,rubbery,False
18.992348,-6.6326017,420.5,4,1,-1,rubbery,False
18.940266,-6.6850095,421.0,4,1,-1,rubbery,False
18.931837,-6.6932797,421.5,4,1,-1,rubbery,False
18.870186,-6.7552257,422.0,4,1,-1,rubbery,False
18.90139,-6.724563,422.5,4,1,-1,rubbery,False
18.846752,-6.781493,423.0,4,1,-1,rubbery,False
18.73185,-6.897131,423.5,4,1,-1,rubbery,False
18.789572,-6.839166,424.0,4,1,-1,rubbery,False
18.70822,-6.9167542,424.5,4,1,-1,rubbery,False
18.707039,-6.922293,425.0,4,1,-1,rubbery,False
18.767488,-6.860872,425.5,4,1,-1,rubbery,False
18.76039,-6.864721,426.0,4,1,-1,rubbery,False
18.639435,-6.9948,426.5,4,1,-1,rubbery,False
18.6002,-7.033102,427.0,4,1,-1,rubbery,False
18.693596,-6.937259,427.5,4,1,-1,rubbery,False
18.628267,-7.0052233,428.0,4,1,-1,rubbery,False
18.53631,-7.10111,428.5,4,1,-1,rubbery,False
18.547283,-7.0928006,429.0,4,1,-1,rubbery,False
18.497515,-7.1408176,429.5,4,1,-1,rubbery,False
17.435146,-8.320518,430.0,0,1,-1,rubbery,False
17.424023,-8.326697,430.5,0,1,-1,rubbery,False
17.347965,-8.430561,431.0,0,1,-1,rubbery,False
17.256166,-8.540323,431.5,0,1,-1,rubbery,False
17.249146,-8.566515,432.0,0,1,-1,rubbery,False
17.216557,-8.578024,432.5,0,1,-1,rubbery,False
17.255972,-8.526803,433.0,0,1,-1,rubbery,False
17.20781,-8.522046,433.5,0,1,-1,rubbery,False
17.238115,-8.571931,434.0,0,1,-1,rubbery,False
17.211138,-8.578431,434.5,0,1,-1,rubbery,False
17.169188,-8.631956,435.0,0,1,-1,rubbery,False
17.128977,-8.704572,435.5,0,1,-1,rubbery,False
17.076155,-8.718937,436.0,0,1,-1,rubbery,False
17.037891,-8.766748,436.5,0,1,-1,rubbery,False
17.041035,-8.816021,437.0,0,1,-1,rubbery,False
17.10967,-8.844375,437.5,0,1,-1,rubbery,False
16.987621,-8.966252,438.0,0,1,-1,rubbery,False
16.891125,-9.06036,438.5,0,1,-1,rubbery,False
16.857397,-9.172282,439.0,0,1,-1,rubbery,False
16.839079,-9.138696,439.5,0,1,-1,rubbery,False
16.761127,-9.351647,440.0,0,1,-1,rubbery,False
16.73027,-9.400584,440.5,0,1,-1,rubbery,False
16.793432,-9.322797,441.0,0,1,-1,rubbery,False
16.806767,-9.315775,441.5,0,1,-1,rubbery,False
16.689043,-9.481284,442.0,0,1,-1,rubbery,False
16.667957,-9.514947,442.5,0,1,-1,rubbery,False
16.61571,-9.56903,443.0,0,1,-1,rubbery,False
16.655478,-9.552285,443.5,0,1,-1,rubbery,False
16.581102,-9.62019,444.0,0,1,-1,rubbery,False
16.602741,-9.6067505,444.5,0,1,-1,rubbery,False
16.555433,-9.665569,445.0,0,1,-1,rubbery,False
16.543455,-9.650757,445.5,0,1,-1,rubbery,False
16.551245,-9.642589,446.0,0,1,-1,rubbery,False
16.511974,-9.707375,446.5,0,1,-1,rubbery,False
16.496622,-9.721518,447.0,0,1,-1,rubbery,False
16.583017,-9.633959,447.5,0,1,-1,rubbery,False
16.541348,-9.687945,448.0,0,1,-1,rubbery,False
16.458666,-9.754522,448.5,0,1,-1,rubbery,False
16.377373,-9.805345,449.0,0,1,-1,rubbery,False
16.37292,-9.803354,449.5,0,1,-1,rubbery,False
14.834483,-11.861282,450.0,0,1,-2,rubbery,False
14.749342,-11.983988,450.5,0,1,-2,rubbery,False
14.769958,-12.03136,451.0,0,1,-2,rubbery,False
14.697329,-11.967659,451.5,0,1,-2,rubbery,False
14.819319,-11.954816,452.0,0,1,-2,rubbery,False
14.805697,-12.003514,452.5,0,1,-2,rubbery,False
14.828848,-12.0186615,453.0,0,1,-2,rubbery,False
14.760002,-12.096912,453.5,0,1,-2,rubbery,False
14.705332,-12.028476,454.0,0,1,-2,rubbery,False
14.808399,-12.085296,454.5,0,1,-2,rubbery,False
14.815916,-11.89991,455.0,0,1,-2,rubbery,False
14.723913,-12.103094,455.5,0,1,-2,rubbery,False
14.713395,-11.9499655,456.0,0,1,-2,rubbery,False
14.732035,-12.012634,456.5,0,1,-2,rubbery,False
14.835913,-12.104427,457.0,0,1,-2,rubbery,False
14.701136,-12.06837,457.5,0,1,-2,rubbery,False
14.711734,-12.055071,458.0,0,1,-2,rubbery,False
14.697541,-11.991293,458.5,0,1,-2,rubbery,False
14.602286,-11.837531,459.0,0,1,-2,rubbery,False
14.653959,-11.915045,459.5,0,1,-2,rubbery,False
14.73383,-10.729995,460.0,0,1,-2,rubbery,False
14.6762085,-10.48639,460.5,0,1,-2,rubbery,False
14.537453,-10.28853,461.0,0,1,-2,rubbery,False
14.626964,-10.438397,461.5,0,1,-2,rubbery,False
14.58547,-10.388658,462.0,0,1,-2,rubbery,False
14.618518,-10.414558,462.5,0,1,-2,rubbery,False
14.582342,-10.371506,463.0,0,1,-2,rubbery,False
14.598906,-10.367129,463.5,0,1,-2,rubbery,False
14.584888,-10.378349,464.0,0,1,-2,rubbery,False
14.450851,-10.186561,464.5,0,1,-2,rubbery,False
14.527651,-10.305991,465.0,0,1,-2,rubbery,False
14.600993,-10.3778,465.5,0,1,-2,rubbery,False
14.511758,-10.292614,466.0,0,1,-2,rubbery,False
14.557526,-10.320491,466.5,0,1,-2,rubbery,False
14.587641,-10.36364,467.0,0,1,-2,rubbery,False
14.416833,-10.180558,467.5,0,1,-2,rubbery,False
14.46255,-10.226373,468.0,0,1,-2,rubbery,False
14.438306,-10.192201,468.5,0,1,-2,rubbery,False
14.463404,-10.082441,469.0,0,1,-2,rubbery,False
14.351405,-10.031803,469.5,0,1,-2,rubbery,False
14.060679,-9.332597,470.0,0,1,-1,rubbery,False
13.96351,-9.237073,470.5,0,1,-1,rubbery,False
14.024822,-9.193762,471.0,0,1,-1,rubbery,False
13.984224,-9.13743,471.5,0,1,-1,rubbery,False
13.988713,-9.153883,472.0,0,1,-1,rubbery,False
13.913857,-9.209155,472.5,0,1,-1,rubbery,False
13.927837,-9.157321,473.0,0,1,-1,rubbery,False
13.928149,-9.181259,473.5,0,1,-1,rubbery,False
14.064458,-9.021938,474.0,0,1,-1,rubbery,False
13.984211,-9.0923195,474.5,0,1,-1,rubbery,False
13.895512,-9.201751,475.0,0,1,-1,rubbery,False
13.955924,-9.122603,475.5,0,1,-1,rubbery,False
14.053426,-9.044673,476.0,0,1,-1,rubbery,False
14.026706,-9.046043,476.5,0,1,-1,rubbery,False
13.965818,-9.066069,477.0,0,1,-1,rubbery,False
14.072322,-8.982687,477.5,0,1,-1,rubbery,False
13.979151,-8.948175,478.0,0,1,-1,rubbery,False
14.12305,-8.972411,478.5,0,1,-1,rubbery,False
14.12564,-8.978581,479.0,0,1,-1,rubbery,False
14.262026,-8.955276,479.5,0,1,-1,rubbery,False
12.085636,-8.447373,480.0,0,1,-1,rubbery,False
12.01531,-8.435736,480.5,0,1,-1,rubbery,False
11.964726,-8.374261,481.0,0,1,-1,rubbery,False
11.896041,-8.49369,481.5,0,1,-1,rubbery,False
11.944978,-8.305995,482.0,0,1,-1,rubbery,False
12.072929,-8.388698,482.5,0,1,-1,rubbery,False
12.008907,-8.411206,483.0,0,1,-1,rubbery,False
12.013394,-8.423478,483.5,0,1,-1,rubbery,False
12.013774,-8.43905,484.0,0,1,-1,rubbery,False
11.958564,-8.406819,484.5,0,1,-1,rubbery,False
12.091428,-8.361963,485.0,0,1,-1,rubbery,False
11.819075,-8.259534,485.5,0,1,-1,rubbery,False
11.935422,-8.395077,486.0,0,1,-1,rubbery,False
12.036142,-8.40735,486.5,0,1,-1,rubbery,False
11.883994,-8.193556,487.0,0,1,-1,rubbery,False
11.746279,-8.305329,487.5,0,1,-1,rubbery,False
11.807883,-8.246292,488.0,0,1,-1,rubbery,False
12.0804,-8.391647,488.5,0,1,-1,rubbery,False
11.974779,-8.318009,489.0,0,1,-1,rubbery,False
11.848043,-8.245233,489.5,0,1,-1,rubbery,False
11.5510845,-8.110878,490.0,0,1,-1,rubbery,False
11.471945,-8.120818,490.5,0,1,-1,rubbery,False
11.582192,-8.158969,491.0,0,1,-1,rubbery,False
11.564541,-8.084125,491.5,0,1,-1,rubbery,False
11.4367075,-8.096109,492.0,0,1,-1,rubbery,False
11.386151,-8.057216,492.5,0,1,-1,rubbery,False
11.231657,-8.001465,493.0,0,1,-1,rubbery,False
11.2205305,-7.9927206,493.5,0,1,-1,rubbery,False
11.182954,-7.9813046,494.0,0,1,-1,rubbery,False
11.12853,-7.9281883,494.5,0,1,-1,rubbery,False
11.081149,-7.8931355,495.0,0,1,-1,rubbery,False
11.122942,-7.929201,495.5,0,1,-1,rubbery,False
11.059554,-7.869123,496.0,0,1,-1,rubbery,False
11.031688,-7.862679,496.5,0,1,-1,rubbery,False
11.02882,-7.8512,497.0,0,1,-1,rubbery,False
11.121503,-7.9289017,497.5,0,1,-1,rubbery,False
11.067447,-7.8838825,498.0,0,1,-1,rubbery,False
11.043635,-7.8092337,498.5,0,1,-1,rubbery,False
11.031687,-7.860346,499.0,0,1,-1,rubbery,False
11.052064,-7.8830657,499.5,0,1,-1,rubbery,False
11.512601,-8.323464,500.0,0,1,-1,rubbery,False
