UMAP1,UMAP2,temp,Cluster,Grid_X,Grid_Y,State,Cluster_Change
18.26032,13.750239,200.0,4,1,1,glassy,False
18.8243,13.328052,200.5,4,1,1,glassy,False
18.600597,13.076607,201.0,4,1,1,glassy,False
18.979057,13.231937,201.5,4,1,1,glassy,False
18.5291,13.865719,202.0,4,1,1,glassy,False
17.472649,13.146611,202.5,4,1,1,glassy,False
17.38074,13.307816,203.0,4,1,1,glassy,False
17.26638,13.223605,203.5,4,1,1,glassy,False
17.879221,13.316719,204.0,4,1,1,glassy,False
17.476786,13.268028,204.5,4,1,1,glassy,False
17.373344,13.209428,205.0,4,1,1,glassy,False
17.289724,13.020507,205.5,4,1,1,glassy,False
17.480753,13.127181,206.0,4,1,1,glassy,False
17.473433,12.999812,206.5,4,1,1,glassy,False
17.235104,13.095408,207.0,4,1,1,glassy,False
17.385195,13.226929,207.5,4,1,1,glassy,False
17.325552,13.055291,208.0,4,1,1,glassy,False
17.21246,13.137686,208.5,4,1,1,glassy,False
17.371937,12.991864,209.0,4,1,1,glassy,False
17.494303,12.99396,209.5,4,1,1,glassy,False
19.0911,13.595963,210.0,4,1,1,glassy,False
18.322472,14.040834,210.5,4,1,1,glassy,False
18.371004,13.932501,211.0,4,1,1,glassy,False
19.211243,14.072984,211.5,4,1,1,glassy,False
18.771421,13.010202,212.0,4,1,1,glassy,False
18.657671,12.884859,212.5,4,1,1,glassy,False
18.665335,12.922429,213.0,4,1,1,glassy,False
18.751291,13.489561,213.5,4,1,1,glassy,False
19.142145,13.632519,214.0,4,1,1,glassy,False
18.354635,13.472512,214.5,4,1,1,glassy,False
18.636044,13.496088,215.0,4,1,1,glassy,False
18.404705,13.510986,215.5,4,1,1,glassy,False
18.834942,13.141245,216.0,4,1,1,glassy,False
18.737291,12.959164,216.5,4,1,1,glassy,False
18.619968,13.469238,217.0,4,1,1,glassy,False
17.244719,13.007926,217.5,4,1,1,glassy,False
17.153917,13.057525,218.0,4,1,1,glassy,False
17.1728,13.136687,218.5,4,1,1,glassy,False
18.967552,13.343407,219.0,4,1,1,glassy,False
18.279963,13.237702,219.5,4,1,1,glassy,False
17.1365,13.071925,220.0,4,1,1,glassy,False
17.10556,13.293684,220.5,4,1,1,glassy,False
18.836252,12.872179,221.0,4,1,1,glassy,False
18.069992,13.905267,221.5,4,1,1,glassy,False
18.324265,13.630584,222.0,4,1,1,glassy,False
19.362123,13.314949,222.5,4,1,1,glassy,False
19.105349,13.076738,223.0,4,1,1,glassy,False
18.326784,13.000289,223.5,4,1,1,glassy,False
18.255587,13.927102,224.0,4,1,1,glassy,False
18.610256,13.615265,224.5,4,1,1,glassy,False
17.153322,13.123767,225.0,4,1,1,glassy,False
18.987267,13.720123,225.5,4,1,1,glassy,False
18.567078,14.120537,226.0,4,1,1,glassy,False
18.142849,13.96066,226.5,4,1,1,glassy,False
19.293661,13.122284,227.0,4,1,1,glassy,False
19.320776,13.635494,227.5,4,1,1,glassy,False
18.341663,14.06796,228.0,4,1,1,glassy,False
18.378685,14.019882,228.5,4,1,1,glassy,False
19.187614,12.860816,229.0,4,1,1,glassy,False
18.469847,14.200413,229.5,4,1,1,glassy,False
18.676489,14.03076,230.0,4,1,1,glassy,False
18.820232,13.831693,230.5,4,1,1,glassy,False
19.336763,12.940458,231.0,4,1,1,glassy,False
17.239159,13.04627,231.5,4,1,1,glassy,False
17.584114,13.150894,232.0,4,1,1,glassy,False
18.792137,13.903282,232.5,4,1,1,glassy,False
18.246773,13.405561,233.0,4,1,1,glassy,False
18.411558,13.322487,233.5,4,1,1,glassy,False
18.606215,13.521752,234.0,4,1,1,glassy,False
18.839033,14.123027,234.5,4,1,1,glassy,False
18.356218,13.810505,235.0,4,1,1,glassy,False
18.344305,13.602196,235.5,4,1,1,glassy,False
18.67924,12.965018,236.0,4,1,1,glassy,False
18.551922,13.551543,236.5,4,1,1,glassy,False
18.70259,14.190466,237.0,4,1,1,glassy,False
18.431915,12.816349,237.5,4,1,1,glassy,False
19.170511,13.529758,238.0,4,1,1,glassy,False
17.991714,13.852672,238.5,4,1,1,glassy,False
18.717003,13.370841,239.0,4,1,1,glassy,False
19.07189,12.966124,239.5,4,1,1,glassy,False
18.59816,13.141245,240.0,4,1,1,glassy,False
18.84194,13.878094,240.5,4,1,1,glassy,False
18.400688,13.389008,241.0,4,1,1,glassy,False
19.536766,13.697793,241.5,4,1,1,glassy,False
18.474548,12.979866,242.0,4,1,1,glassy,False
19.359898,13.526504,242.5,4,1,1,glassy,False
17.139452,12.838325,243.0,4,1,1,glassy,False
18.797728,13.831544,243.5,4,1,1,glassy,False
19.321125,13.574254,244.0,4,1,1,glassy,False
18.972609,13.161201,244.5,4,1,1,glassy,False
19.476168,13.926759,245.0,4,1,1,glassy,False
18.8693,13.831212,245.5,4,1,1,glassy,False
18.016272,13.564488,246.0,4,1,1,glassy,False
19.076887,13.8261595,246.5,4,1,1,glassy,False
18.621063,13.879993,247.0,4,1,1,glassy,False
18.655075,13.432169,247.5,4,1,1,glassy,False
18.535686,13.264715,248.0,4,1,1,glassy,False
18.602592,12.901082,248.5,4,1,1,glassy,False
19.386995,13.927406,249.0,4,1,1,glassy,False
18.862534,13.79171,249.5,4,1,1,glassy,False
17.475441,13.33785,250.0,4,1,1,glassy,False
18.343029,13.263216,250.5,4,1,1,glassy,False
18.116156,13.341019,251.0,4,1,1,glassy,False
18.041937,13.165319,251.5,4,1,1,glassy,False
17.37826,13.418198,252.0,4,1,1,glassy,False
18.907354,13.042582,252.5,4,1,1,glassy,False
18.033947,13.9481,253.0,4,1,1,glassy,False
18.131031,13.549847,253.5,4,1,1,glassy,False
18.919018,12.690465,254.0,4,1,1,glassy,False
18.255642,13.0422,254.5,4,1,1,glassy,False
18.349148,12.954033,255.0,4,1,1,glassy,False
20.419897,12.38205,255.5,2,2,1,rubbery,True
20.079323,12.485312,256.0,2,2,1,rubbery,False
20.364967,12.711336,256.5,2,2,1,rubbery,False
20.164064,12.539345,257.0,2,2,1,rubbery,False
20.320265,12.603254,257.5,2,2,1,rubbery,False
20.329699,12.528147,258.0,2,2,1,rubbery,False
20.374817,12.391582,258.5,2,2,1,rubbery,False
20.468002,13.950358,259.0,2,2,1,rubbery,False
20.295113,12.483077,259.5,2,2,1,rubbery,False
18.535734,12.806192,260.0,4,1,1,glassy,True
18.459696,13.910561,260.5,4,1,1,glassy,False
18.883316,13.197846,261.0,4,1,1,glassy,False
17.192266,12.934567,261.5,4,1,1,glassy,False
19.156519,14.008992,262.0,4,1,1,glassy,False
19.020325,13.072619,262.5,4,1,1,glassy,False
18.072998,14.026586,263.0,4,1,1,glassy,False
17.957058,13.91498,263.5,4,1,1,glassy,False
18.262093,13.890343,264.0,4,1,1,glassy,False
19.129976,14.038809,264.5,4,1,1,glassy,False
18.075022,13.996554,265.0,4,1,1,glassy,False
18.773825,13.495417,265.5,4,1,1,glassy,False
18.529087,14.34022,266.0,4,1,1,glassy,False
17.329632,13.209759,266.5,4,1,1,glassy,False
19.440453,13.689257,267.0,4,1,1,glassy,False
18.151371,13.811943,267.5,4,1,1,glassy,False
18.28735,13.124959,268.0,4,1,1,glassy,False
17.149424,13.415148,268.5,4,1,1,glassy,False
19.213175,14.172514,269.0,4,1,1,glassy,False
18.533722,12.768039,269.5,4,1,1,glassy,False
18.198666,13.510622,270.0,4,1,1,glassy,False
18.183653,13.65213,270.5,4,1,1,glassy,False
17.080774,13.314141,271.0,4,1,1,glassy,False
18.842764,13.117196,271.5,4,1,1,glassy,False
18.483967,13.230191,272.0,4,1,1,glassy,False
18.538464,13.60347,272.5,4,1,1,glassy,False
18.662403,14.170226,273.0,4,1,1,glassy,False
17.313005,12.975652,273.5,4,1,1,glassy,False
18.324516,12.856192,274.0,4,1,1,glassy,False
18.76874,13.797755,274.5,4,1,1,glassy,False
17.98846,12.884733,275.0,4,1,1,glassy,False
18.020153,13.785505,275.5,4,1,1,glassy,False
19.7827,15.537878,276.0,8,1,1,rubbery,True
20.134113,13.57143,276.5,2,2,1,rubbery,False
18.04685,13.390452,277.0,4,1,1,glassy,True
19.786829,14.268458,277.5,2,1,1,rubbery,True
20.232698,13.8845005,278.0,2,2,1,rubbery,False
19.288658,13.224012,278.5,4,1,1,glassy,True
17.399921,13.2064295,279.0,4,1,1,glassy,False
18.262709,13.179801,279.5,4,1,1,glassy,False
20.392061,13.684154,280.0,2,2,1,rubbery,True
20.248419,13.584292,280.5,2,2,1,rubbery,False
20.295855,13.077147,281.0,2,2,1,rubbery,False
20.306978,13.120003,281.5,2,2,1,rubbery,False
18.869844,13.272685,282.0,4,1,1,glassy,True
19.938314,13.298129,282.5,2,1,1,rubbery,True
19.828787,13.262047,283.0,2,1,1,rubbery,False
20.466276,13.108945,283.5,2,2,1,rubbery,False
17.011202,13.2843075,284.0,4,1,1,glassy,True
19.843447,13.639038,284.5,2,1,1,rubbery,True
19.91004,13.175311,285.0,2,1,1,rubbery,False
19.710379,13.113065,285.5,4,1,1,glassy,True
20.176474,13.18763,286.0,2,2,1,rubbery,True
19.945335,13.419811,286.5,2,1,1,rubbery,False
20.007607,13.195447,287.0,2,2,1,rubbery,False
21.552635,14.145446,287.5,6,2,1,rubbery,False
18.987022,14.701674,288.0,4,1,1,glassy,True
20.294863,13.163708,288.5,2,2,1,rubbery,True
20.093456,13.154367,289.0,2,2,1,rubbery,False
20.426722,13.474801,289.5,2,2,1,rubbery,False
16.961185,13.149624,290.0,4,1,1,glassy,True
19.557732,13.131058,290.5,4,1,1,glassy,False
17.070547,13.273218,291.0,4,1,1,glassy,False
19.356747,13.587137,291.5,4,1,1,glassy,False
20.018076,13.062718,292.0,2,2,1,rubbery,True
19.80687,13.931166,292.5,2,1,1,rubbery,False
19.982315,14.140724,293.0,2,1,1,rubbery,False
20.52637,12.168567,293.5,2,2,1,rubbery,False
20.633942,12.510608,294.0,2,2,1,rubbery,False
20.823578,11.912606,294.5,2,2,1,rubbery,False
20.636103,12.663344,295.0,2,2,1,rubbery,False
20.661505,12.415635,295.5,2,2,1,rubbery,False
20.78045,12.07391,296.0,2,2,1,rubbery,False
20.570614,12.253331,296.5,2,2,1,rubbery,False
20.256075,14.361024,297.0,2,2,1,rubbery,False
19.638992,13.453976,297.5,2,1,1,rubbery,False
20.22109,13.638678,298.0,2,2,1,rubbery,False
19.001665,13.334172,298.5,4,1,1,glassy,True
18.55683,14.309385,299.0,4,1,1,glassy,False
20.814394,13.933717,299.5,2,2,1,rubbery,True
20.236336,13.449988,300.0,2,2,1,rubbery,False
20.885763,13.886306,300.5,2,2,1,rubbery,False
21.879858,14.084477,301.0,6,2,1,rubbery,False
21.40804,14.441067,301.5,6,2,1,rubbery,False
20.625225,13.502428,302.0,2,2,1,rubbery,False
20.820538,13.376781,302.5,2,2,1,rubbery,False
20.486162,13.634498,303.0,2,2,1,rubbery,False
20.775547,13.6026535,303.5,2,2,1,rubbery,False
20.939198,13.606098,304.0,2,2,1,rubbery,False
21.084007,13.995681,304.5,2,2,1,rubbery,False
21.043991,13.736267,305.0,2,2,1,rubbery,False
21.089073,13.559458,305.5,2,2,1,rubbery,False
20.996754,13.429536,306.0,2,2,1,rubbery,False
20.870302,13.510081,306.5,2,2,1,rubbery,False
20.693724,13.610441,307.0,2,2,1,rubbery,False
20.894556,13.627031,307.5,2,2,1,rubbery,False
20.934464,13.786663,308.0,2,2,1,rubbery,False
21.707724,14.305798,308.5,6,2,1,rubbery,False
21.110903,13.6870575,309.0,2,2,1,rubbery,False
20.991465,13.990176,309.5,2,2,1,rubbery,False
21.434433,14.512043,310.0,6,2,1,rubbery,False
21.09178,13.83492,310.5,2,2,1,rubbery,False
20.640781,13.967928,311.0,2,2,1,rubbery,False
21.018442,14.1668005,311.5,2,2,1,rubbery,False
20.969048,14.068404,312.0,2,2,1,rubbery,False
20.681362,14.164554,312.5,2,2,1,rubbery,False
21.853415,14.554616,313.0,6,2,1,rubbery,False
21.689163,14.742094,313.5,6,2,1,rubbery,False
20.953056,14.141974,314.0,2,2,1,rubbery,False
21.76003,14.799449,314.5,6,2,1,rubbery,False
21.287264,14.44688,315.0,6,2,1,rubbery,False
21.837694,14.925967,315.5,6,2,1,rubbery,False
20.944038,14.014499,316.0,2,2,1,rubbery,False
21.68547,14.829606,316.5,6,2,1,rubbery,False
21.678034,14.968918,317.0,6,2,1,rubbery,False
21.921331,15.008644,317.5,6,2,1,rubbery,False
21.505527,14.709408,318.0,6,2,1,rubbery,False
21.779253,14.948938,318.5,6,2,1,rubbery,False
21.537416,14.901187,319.0,6,2,1,rubbery,False
21.84536,15.194802,319.5,6,2,1,rubbery,False
21.75255,15.142347,320.0,6,2,1,rubbery,False
22.068535,15.017235,320.5,6,2,1,rubbery,False
21.814438,15.085064,321.0,6,2,1,rubbery,False
21.76563,15.061271,321.5,6,2,1,rubbery,False
22.02635,15.033747,322.0,6,2,1,rubbery,False
21.951359,15.088876,322.5,6,2,1,rubbery,False
21.939722,15.097905,323.0,6,2,1,rubbery,False
21.80149,15.094664,323.5,6,2,1,rubbery,False
21.913984,14.727098,324.0,6,2,1,rubbery,False
21.788456,15.109243,324.5,6,2,1,rubbery,False
21.773716,14.719955,325.0,6,2,1,rubbery,False
21.63937,14.928144,325.5,6,2,1,rubbery,False
21.519217,14.884635,326.0,6,2,1,rubbery,False
21.133738,14.090041,326.5,2,2,1,rubbery,False
20.86969,13.704003,327.0,2,2,1,rubbery,False
21.76822,15.255355,327.5,6,2,1,rubbery,False
20.065195,13.567104,328.0,2,2,1,rubbery,False
20.730394,13.259478,328.5,2,2,1,rubbery,False
20.794376,12.761491,329.0,2,2,1,rubbery,False
20.987997,12.537154,329.5,2,2,1,rubbery,False
21.322939,13.219353,330.0,2,2,1,rubbery,False
21.257809,13.351103,330.5,2,2,1,rubbery,False
21.150568,13.267838,331.0,2,2,1,rubbery,False
21.094906,13.05313,331.5,2,2,1,rubbery,False
21.056854,13.005207,332.0,2,2,1,rubbery,False
21.152891,13.132096,332.5,2,2,1,rubbery,False
20.988123,12.862174,333.0,2,2,1,rubbery,False
20.812891,12.620697,333.5,2,2,1,rubbery,False
20.923204,12.638762,334.0,2,2,1,rubbery,False
20.877296,12.49005,334.5,2,2,1,rubbery,False
20.991558,12.536734,335.0,2,2,1,rubbery,False
20.965405,12.394448,335.5,2,2,1,rubbery,False
20.826263,12.094727,336.0,2,2,1,rubbery,False
20.774363,11.930524,336.5,2,2,1,rubbery,False
20.919357,11.914115,337.0,2,2,1,rubbery,False
20.601488,12.053004,337.5,2,2,1,rubbery,False
20.97531,12.053137,338.0,2,2,1,rubbery,False
20.843885,11.795857,338.5,2,2,1,rubbery,False
20.650984,11.929919,339.0,2,2,1,rubbery,False
20.574553,12.003164,339.5,2,2,1,rubbery,False
20.73762,11.953335,340.0,2,2,1,rubbery,False
20.937298,11.810563,340.5,2,2,1,rubbery,False
20.872774,11.893408,341.0,2,2,1,rubbery,False
20.86758,11.728054,341.5,2,2,1,rubbery,False
20.936207,11.664223,342.0,2,2,1,rubbery,False
20.773438,11.905554,342.5,2,2,1,rubbery,False
20.727654,11.700836,343.0,2,2,1,rubbery,False
20.749834,11.748663,343.5,2,2,1,rubbery,False
21.21214,11.782336,344.0,2,2,1,rubbery,False
21.305456,11.823857,344.5,2,2,1,rubbery,False
21.097925,11.683282,345.0,2,2,1,rubbery,False
21.181015,11.894535,345.5,2,2,1,rubbery,False
21.044498,11.576524,346.0,2,2,1,rubbery,False
20.95256,11.762224,346.5,2,2,1,rubbery,False
21.165781,11.80108,347.0,2,2,1,rubbery,False
21.028135,11.642699,347.5,2,2,1,rubbery,False
21.021843,11.60499,348.0,2,2,1,rubbery,False
21.471498,15.243106,348.5,6,2,1,rubbery,False
21.050114,11.582582,349.0,2,2,1,rubbery,False
21.55582,14.2873955,349.5,6,2,1,rubbery,False
21.000618,14.650735,350.0,6,2,1,rubbery,False
21.194529,11.930037,350.5,2,2,1,rubbery,False
20.805872,14.731,351.0,6,2,1,rubbery,False
21.191162,14.542038,351.5,6,2,1,rubbery,False
20.220678,14.012814,352.0,2,2,1,rubbery,False
21.383192,14.753294,352.5,6,2,1,rubbery,False
21.208836,14.922844,353.0,6,2,1,rubbery,False
20.323475,14.368614,353.5,2,2,1,rubbery,False
20.468693,13.676373,354.0,2,2,1,rubbery,False
21.07301,14.433696,354.5,6,2,1,rubbery,False
19.998537,13.981996,355.0,2,1,1,rubbery,False
20.82027,11.735903,355.5,2,2,1,rubbery,False
21.071497,11.606714,356.0,2,2,1,rubbery,False
20.486975,14.21018,356.5,2,2,1,rubbery,False
20.901295,14.567735,357.0,6,2,1,rubbery,False
21.335253,11.783887,357.5,2,2,1,rubbery,False
19.53165,14.082341,358.0,4,1,1,glassy,True
20.751429,14.441306,358.5,6,2,1,rubbery,True
20.516596,12.688547,359.0,2,2,1,rubbery,False
20.755049,14.398269,359.5,6,2,1,rubbery,False
20.870338,14.566039,360.0,6,2,1,rubbery,False
21.580925,14.370737,360.5,6,2,1,rubbery,False
21.301235,14.729709,361.0,6,2,1,rubbery,False
21.3268,14.438504,361.5,6,2,1,rubbery,False
21.686916,14.348075,362.0,6,2,1,rubbery,False
19.027563,14.493809,362.5,4,1,1,glassy,True
22.11478,14.208403,363.0,6,2,1,rubbery,True
22.163149,14.274576,363.5,6,2,1,rubbery,False
22.173004,14.305188,364.0,6,2,1,rubbery,False
21.989935,14.323435,364.5,6,2,1,rubbery,False
22.251787,14.27557,365.0,6,2,1,rubbery,False
22.050596,14.254245,365.5,6,2,1,rubbery,False
22.392773,14.38482,366.0,6,2,1,rubbery,False
22.140158,14.726081,366.5,6,2,1,rubbery,False
22.310629,14.345678,367.0,6,2,1,rubbery,False
22.405487,14.327513,367.5,6,2,1,rubbery,False
22.071001,14.639952,368.0,6,2,1,rubbery,False
22.159681,14.408273,368.5,6,2,1,rubbery,False
22.302595,14.836765,369.0,6,2,1,rubbery,False
22.392494,14.612488,369.5,6,2,1,rubbery,False
22.512457,14.402166,370.0,6,2,1,rubbery,False
22.56575,14.288512,370.5,6,2,1,rubbery,False
22.228916,14.4492035,371.0,6,2,1,rubbery,False
22.338194,14.914359,371.5,6,2,1,rubbery,False
22.04269,14.727258,372.0,6,2,1,rubbery,False
22.34331,14.692856,372.5,6,2,1,rubbery,False
22.696943,14.2520275,373.0,6,2,1,rubbery,False
22.734337,14.170011,373.5,6,2,1,rubbery,False
22.772915,14.203854,374.0,6,2,1,rubbery,False
22.785984,14.163119,374.5,6,2,1,rubbery,False
22.56954,14.242025,375.0,6,2,1,rubbery,False
22.736004,14.223808,375.5,6,2,1,rubbery,False
22.870583,14.1119795,376.0,6,2,1,rubbery,False
22.83572,13.994673,376.5,6,2,1,rubbery,False
22.911196,13.99999,377.0,6,2,1,rubbery,False
22.777872,13.754511,377.5,6,2,1,rubbery,False
22.878784,13.974732,378.0,6,2,1,rubbery,False
22.820202,14.140831,378.5,6,2,1,rubbery,False
22.840591,14.104588,379.0,6,2,1,rubbery,False
22.62611,14.293046,379.5,6,2,1,rubbery,False
22.817593,14.088949,380.0,6,2,1,rubbery,False
19.94149,15.364732,380.5,8,1,1,rubbery,False
19.89288,15.787576,381.0,8,1,1,rubbery,False
19.838593,15.677611,381.5,8,1,1,rubbery,False
19.944408,15.870895,382.0,8,1,1,rubbery,False
20.007412,16.047497,382.5,8,2,1,rubbery,False
19.901093,16.142242,383.0,8,1,1,rubbery,False
19.881422,16.170736,383.5,8,1,1,rubbery,False
19.837128,16.176582,384.0,8,1,1,rubbery,False
19.868288,16.090061,384.5,8,1,1,rubbery,False
19.899572,16.15388,385.0,8,1,1,rubbery,False
19.810225,16.253729,385.5,8,1,1,rubbery,False
19.86715,16.187136,386.0,8,1,1,rubbery,False
19.836605,16.227175,386.5,8,1,1,rubbery,False
19.9086,16.185314,387.0,8,1,1,rubbery,False
19.836872,16.25499,387.5,8,1,1,rubbery,False
19.869734,16.249716,388.0,8,1,1,rubbery,False
19.81751,16.266607,388.5,8,1,1,rubbery,False
19.901375,16.30644,389.0,8,1,1,rubbery,False
-1.4940836,-3.9278429,389.5,0,-1,-1,rubbery,False
-1.3315164,-4.046143,390.0,0,-1,-1,rubbery,False
-1.4088253,-4.0692725,390.5,0,-1,-1,rubbery,False
-1.3464946,-4.089527,391.0,0,-1,-1,rubbery,False
-1.6252619,-3.9563434,391.5,0,-1,-1,rubbery,False
-1.3659164,-4.0839615,392.0,0,-1,-1,rubbery,False
-1.2892901,-4.139808,392.5,0,-1,-1,rubbery,False
-1.2780235,-4.025386,393.0,0,-1,-1,rubbery,False
-1.2346594,-4.0375223,393.5,0,-1,-1,rubbery,False
-1.3700356,-4.0709696,394.0,0,-1,-1,rubbery,False
-1.2721641,-4.101309,394.5,0,-1,-1,rubbery,False
-1.274617,-4.13774,395.0,0,-1,-1,rubbery,False
-1.3078662,-4.114327,395.5,0,-1,-1,rubbery,False
-1.2934157,-4.113531,396.0,0,-1,-1,rubbery,False
-1.4387517,-4.0435224,396.5,0,-1,-1,rubbery,False
-1.505985,-3.9602714,397.0,0,-1,-1,rubbery,False
-1.650241,-3.9388955,397.5,0,-1,-1,rubbery,False
-1.4755955,-4.0264654,398.0,0,-1,-1,rubbery,False
-1.4506099,-4.1462646,398.5,0,-1,-1,rubbery,False
-1.4377354,-4.0327473,399.0,0,-1,-1,rubbery,False
-1.6014882,-4.0538607,399.5,0,-1,-1,rubbery,False
-2.1279907,-3.9467485,400.0,0,-1,-1,rubbery,False
-1.8647034,-3.9662788,400.5,0,-1,-1,rubbery,False
-2.018511,-3.845059,401.0,0,-1,-1,rubbery,False
-2.0820193,-3.9476566,401.5,0,-1,-1,rubbery,False
-2.239542,-3.9658973,402.0,0,-1,-1,rubbery,False
-2.2067437,-3.8569345,402.5,0,-1,-1,rubbery,False
-2.0291836,-3.9986966,403.0,0,-1,-1,rubbery,False
-2.259982,-3.955159,403.5,0,-1,-1,rubbery,False
-2.2670496,-3.9489596,404.0,0,-1,-1,rubbery,False
-2.234844,-3.9389024,404.5,0,-1,-1,rubbery,False
-2.256669,-3.9790344,405.0,0,-1,-1,rubbery,False
-2.2910633,-3.8783352,405.5,0,-1,-1,rubbery,False
-2.3347454,-3.9536889,406.0,0,-1,-1,rubbery,False
-2.3701727,-3.8681524,406.5,0,-1,-1,rubbery,False
-2.44114,-3.895726,407.0,0,-1,-1,rubbery,False
-2.470811,-3.941383,407.5,0,-1,-1,rubbery,False
-2.2589028,-3.918327,408.0,0,-1,-1,rubbery,False
-2.348163,-3.9080071,408.5,0,-1,-1,rubbery,False
-2.4168642,-3.8862956,409.0,0,-1,-1,rubbery,False
-2.4701715,-3.7970066,409.5,0,-1,-1,rubbery,False
-3.0128477,-3.9360862,410.0,0,-1,-1,rubbery,False
-3.147895,-3.94094,410.5,0,-1,-1,rubbery,False
-2.9285514,-3.949889,411.0,0,-1,-1,rubbery,False
-2.8895483,-3.922576,411.5,0,-1,-1,rubbery,False
-3.3877184,-3.8924468,412.0,0,-1,-1,rubbery,False
-3.3251061,-3.9879706,412.5,0,-1,-1,rubbery,False
-3.2534845,-3.9443269,413.0,0,-1,-1,rubbery,False
-3.363866,-3.9412978,413.5,0,-1,-1,rubbery,False
-3.4340222,-3.906758,414.0,0,-1,-1,rubbery,False
-3.461866,-3.9781241,414.5,0,-1,-1,rubbery,False
-3.4690537,-3.928629,415.0,0,-1,-1,rubbery,False
-3.4638069,-3.9850278,415.5,0,-1,-1,rubbery,False
-3.5492218,-3.9681888,416.0,0,-1,-1,rubbery,False
-3.5404239,-3.8750885,416.5,0,-1,-1,rubbery,False
-3.6152394,-3.8677359,417.0,0,-1,-1,rubbery,False
-3.5377553,-3.9133,417.5,0,-1,-1,rubbery,False
-3.6843557,-3.9236488,418.0,0,-1,-1,rubbery,False
-3.5228505,-3.8901188,418.5,0,-1,-1,rubbery,False
-3.640205,-3.9507651,419.0,0,-1,-1,rubbery,False
-3.9059467,-3.985649,419.5,0,-1,-1,rubbery,False
-4.310156,-4.0209684,420.0,0,-1,-1,rubbery,False
-4.5311637,-4.046877,420.5,0,-1,-1,rubbery,False
-4.5182495,-4.0687156,421.0,0,-1,-1,rubbery,False
-4.4856544,-4.1544547,421.5,0,-1,-1,rubbery,False
-4.588509,-4.109417,422.0,0,-1,-1,rubbery,False
-4.577681,-4.010033,422.5,0,-1,-1,rubbery,False
-4.708887,-4.1728315,423.0,0,-1,-1,rubbery,False
-4.6335316,-4.058568,423.5,0,-1,-1,rubbery,False
-4.6226206,-4.0143394,424.0,0,-1,-1,rubbery,False
-4.6906033,-4.0790625,424.5,0,-1,-1,rubbery,False
-4.7268276,-4.0075355,425.0,0,-1,-1,rubbery,False
-4.6857114,-4.065589,425.5,0,-1,-1,rubbery,False
-4.789917,-4.140275,426.0,0,-1,-1,rubbery,False
-4.7920365,-4.2062063,426.5,0,-1,-1,rubbery,False
-4.70553,-4.0437903,427.0,0,-1,-1,rubbery,False
-4.703573,-4.0646567,427.5,0,-1,-1,rubbery,False
-4.8150206,-4.05879,428.0,0,-1,-1,rubbery,False
-4.808071,-4.024464,428.5,0,-1,-1,rubbery,False
-4.742584,-4.095067,429.0,0,-1,-1,rubbery,False
-4.7133927,-4.0524287,429.5,0,-1,-1,rubbery,False
-3.0458944,5.7820067,430.0,7,-1,0,rubbery,False
-3.0309954,5.8094444,430.5,7,-1,0,rubbery,False
-2.9625554,5.7012625,431.0,7,-1,0,rubbery,False
-3.0488734,5.8611584,431.5,7,-1,0,rubbery,False
-3.0734248,5.813909,432.0,7,-1,0,rubbery,False
-3.0276697,5.8957195,432.5,7,-1,0,rubbery,False
-3.1621974,5.805901,433.0,7,-1,0,rubbery,False
-3.1099706,5.7456503,433.5,7,-1,0,rubbery,False
-3.078774,5.8748293,434.0,7,-1,0,rubbery,False
-3.0433676,5.7857585,434.5,7,-1,0,rubbery,False
-3.0662868,5.8044863,435.0,7,-1,0,rubbery,False
-2.9762235,5.9274535,435.5,7,-1,0,rubbery,False
-3.1059616,5.7667723,436.0,7,-1,0,rubbery,False
-3.1661587,5.7342324,436.5,7,-1,0,rubbery,False
-3.0900018,5.778563,437.0,7,-1,0,rubbery,False
-3.0456738,5.8553224,437.5,7,-1,0,rubbery,False
-3.1791193,5.720034,438.0,7,-1,0,rubbery,False
-3.156091,5.847269,438.5,7,-1,0,rubbery,False
-3.2566235,6.1092296,439.0,7,-1,0,rubbery,False
-3.2043378,6.0640163,439.5,7,-1,0,rubbery,False
-3.47872,8.143059,440.0,3,-1,0,rubbery,False
-3.59125,8.348175,440.5,3,-1,0,rubbery,False
-3.532676,8.270412,441.0,3,-1,0,rubbery,False
-3.5830703,8.27688,441.5,3,-1,0,rubbery,False
-3.5555089,8.310549,442.0,3,-1,0,rubbery,False
-3.5913951,8.331196,442.5,3,-1,0,rubbery,False
-3.6183603,8.44131,443.0,3,-1,0,rubbery,False
-3.5467908,8.386872,443.5,3,-1,0,rubbery,False
-3.603928,8.444689,444.0,3,-1,0,rubbery,False
-3.534883,8.427521,444.5,3,-1,0,rubbery,False
-3.5537694,8.494804,445.0,3,-1,0,rubbery,False
-3.697064,8.613518,445.5,3,-1,0,rubbery,False
-3.6502464,8.682822,446.0,3,-1,0,rubbery,False
-3.685558,8.638712,446.5,3,-1,0,rubbery,False
-3.6969814,8.843648,447.0,3,-1,0,rubbery,False
-3.6848924,8.754942,447.5,3,-1,0,rubbery,False
-3.6730864,8.647122,448.0,3,-1,0,rubbery,False
-3.6427824,8.5470705,448.5,3,-1,0,rubbery,False
-3.5499616,8.664304,449.0,3,-1,0,rubbery,False
-3.726943,8.867613,449.5,3,-1,0,rubbery,False
-3.7148185,9.023555,450.0,3,-1,0,rubbery,False
-3.7888882,9.074377,450.5,3,-1,0,rubbery,False
-3.7296813,9.027102,451.0,3,-1,0,rubbery,False
-3.7526913,9.065386,451.5,3,-1,0,rubbery,False
-3.8367314,9.203558,452.0,3,-1,0,rubbery,False
-3.75177,9.090629,452.5,3,-1,0,rubbery,False
-3.859892,9.30256,453.0,3,-1,0,rubbery,False
-3.938331,9.369544,453.5,3,-1,0,rubbery,False
-3.7876246,9.267934,454.0,3,-1,0,rubbery,False
-3.8737495,9.355566,454.5,3,-1,0,rubbery,False
-3.8395884,9.285084,455.0,3,-1,0,rubbery,False
-3.8915648,9.377537,455.5,3,-1,0,rubbery,False
-3.9199786,9.40011,456.0,3,-1,0,rubbery,False
-3.8513715,9.343335,456.5,3,-1,0,rubbery,False
-3.9732387,9.503316,457.0,3,-1,0,rubbery,False
-3.9582846,9.446511,457.5,3,-1,0,rubbery,False
-3.9442255,9.428973,458.0,3,-1,0,rubbery,False
-3.8981693,9.39036,458.5,3,-1,0,rubbery,False
-3.9809675,9.477201,459.0,3,-1,0,rubbery,False
-3.946277,9.486478,459.5,3,-1,0,rubbery,False
-1.6109303,16.862347,460.0,1,-1,1,rubbery,False
-1.6424128,16.865856,460.5,1,-1,1,rubbery,False
-1.6542938,16.886148,461.0,1,-1,1,rubbery,False
-1.6419159,16.891842,461.5,1,-1,1,rubbery,False
-1.6718336,16.81008,462.0,1,-1,1,rubbery,False
-1.5928594,16.925476,462.5,1,-1,1,rubbery,False
-1.4642189,16.746756,463.0,1,-1,1,rubbery,False
-1.5851233,16.854847,463.5,1,-1,1,rubbery,False
-1.498736,16.765097,464.0,1,-1,1,rubbery,False
-1.5667638,16.844069,464.5,1,-1,1,rubbery,False
-1.5117043,16.888138,465.0,1,-1,1,rubbery,False
-1.5812422,16.81915,465.5,1,-1,1,rubbery,False
-1.5445281,16.913212,466.0,1,-1,1,rubbery,False
-1.5875335,16.846516,466.5,1,-1,1,rubbery,False
-1.4437084,16.833916,467.0,1,-1,1,rubbery,False
-1.4025825,16.751932,467.5,1,-1,1,rubbery,False
-1.1913586,16.84083,468.0,1,-1,1,rubbery,False
-1.437726,16.857464,468.5,1,-1,1,rubbery,False
-1.2812265,16.841785,469.0,1,-1,1,rubbery,False
-1.355583,16.913275,469.5,1,-1,1,rubbery,False
-0.3265098,17.07954,470.0,1,-1,1,rubbery,False
-0.25083312,17.09631,470.5,1,-1,1,rubbery,False
-0.14401105,17.13755,471.0,1,-1,1,rubbery,False
-0.19406725,17.12587,471.5,1,-1,1,rubbery,False
0.039310113,17.139923,472.0,1,0,1,rubbery,False
0.05038245,17.1607,472.5,1,0,1,rubbery,False
0.013184816,17.18511,473.0,1,0,1,rubbery,False
0.0061826813,17.130062,473.5,1,0,1,rubbery,False
0.053794596,17.173801,474.0,1,0,1,rubbery,False
0.18023509,17.190683,474.5,1,0,1,rubbery,False
0.2225267,17.183084,475.0,1,0,1,rubbery,False
0.29560757,17.12036,475.5,1,0,1,rubbery,False
0.41189343,17.210588,476.0,1,0,1,rubbery,False
0.15336624,17.10259,476.5,1,0,1,rubbery,False
0.13255522,17.165491,477.0,1,0,1,rubbery,False
0.38217694,17.226212,477.5,1,0,1,rubbery,False
0.26000333,17.16626,478.0,1,0,1,rubbery,False
0.10982417,17.129417,478.5,1,0,1,rubbery,False
0.29252785,17.07925,479.0,1,0,1,rubbery,False
0.2147175,17.146587,479.5,1,0,1,rubbery,False
0.63006496,17.184546,480.0,1,0,1,rubbery,False
0.7881763,17.221872,480.5,1,0,1,rubbery,False
0.83215225,17.276497,481.0,1,0,1,rubbery,False
0.75992876,17.238878,481.5,1,0,1,rubbery,False
0.8026526,17.227983,482.0,1,0,1,rubbery,False
0.80522966,17.272308,482.5,1,0,1,rubbery,False
0.8428973,17.268663,483.0,1,0,1,rubbery,False
0.8814666,17.259268,483.5,1,0,1,rubbery,False
0.9513619,17.334036,484.0,1,0,1,rubbery,False
1.0618769,17.457186,484.5,1,0,1,rubbery,False
1.0222256,17.306702,485.0,1,0,1,rubbery,False
0.97591966,17.305807,485.5,1,0,1,rubbery,False
1.0077771,17.379633,486.0,1,0,1,rubbery,False
1.0119976,17.38832,486.5,1,0,1,rubbery,False
1.1203688,17.442385,487.0,1,0,1,rubbery,False
1.0774351,17.392548,487.5,1,0,1,rubbery,False
0.95577127,17.230213,488.0,1,0,1,rubbery,False
0.9863104,17.335863,488.5,1,0,1,rubbery,False
1.0687071,17.362362,489.0,1,0,1,rubbery,False
1.1166519,17.450272,489.5,1,0,1,rubbery,False
1.2678834,21.082237,490.0,5,0,2,rubbery,False
1.2890427,21.134087,490.5,5,0,2,rubbery,False
1.3984399,21.208315,491.0,5,0,2,rubbery,False
1.3332875,21.19512,491.5,5,0,2,rubbery,False
1.396553,21.238924,492.0,5,0,2,rubbery,False
1.3469515,21.186676,492.5,5,0,2,rubbery,False
1.3975255,21.242645,493.0,5,0,2,rubbery,False
1.4524196,21.314909,493.5,5,0,2,rubbery,False
1.3970548,21.238209,494.0,5,0,2,rubbery,False
1.3230876,21.158657,494.5,5,0,2,rubbery,False
1.3774152,21.219883,495.0,5,0,2,rubbery,False
1.3628961,21.182411,495.5,5,0,2,rubbery,False
1.2518678,21.063395,496.0,5,0,2,rubbery,False
1.3894421,21.22276,496.5,5,0,2,rubbery,False
1.288816,21.116777,497.0,5,0,2,rubbery,False
1.2684559,21.075884,497.5,5,0,2,rubbery,False
1.2854761,21.09208,498.0,5,0,2,rubbery,False
1.4034868,21.145763,498.5,5,0,2,rubbery,False
1.4218768,21.234976,499.0,5,0,2,rubbery,False
1.4653473,21.282143,499.5,5,0,2,rubbery,False
1.3130991,20.815174,500.0,5,0,2,rubbery,False
