UMAP1,UMAP2,temp,Cluster,Grid_X,Grid_Y,State,Cluster_Change
0.32608104,-0.40671653,200.0,2,0,-1,glassy,False
0.62435675,-0.69762295,200.5,2,0,-1,glassy,False
0.4520125,-0.51045525,201.0,2,0,-1,glassy,False
0.18924151,-0.6097356,201.5,2,0,-1,glassy,False
0.33463222,-0.3209654,202.0,2,0,-1,glassy,False
0.7405865,0.32325473,202.5,2,0,0,glassy,False
0.18587872,-0.8195351,203.0,2,0,-1,glassy,False
0.69712305,0.16873927,203.5,2,0,0,glassy,False
0.5513394,-0.72295904,204.0,2,0,-1,glassy,False
0.15134776,-0.8144602,204.5,2,0,-1,glassy,False
0.85301095,-0.16251345,205.0,2,0,-1,glassy,False
0.6373471,-0.25969106,205.5,2,0,-1,glassy,False
0.89676267,-0.40002394,206.0,2,0,-1,glassy,False
0.7541617,-0.31176877,206.5,2,0,-1,glassy,False
0.8858686,-0.12060397,207.0,2,0,-1,glassy,False
0.695102,-0.016016778,207.5,2,0,-1,glassy,False
0.91097414,-0.5444358,208.0,2,0,-1,glassy,False
1.0189661,-0.4074535,208.5,2,0,-1,glassy,False
1.0563586,-0.25711086,209.0,2,0,-1,glassy,False
0.9306944,-0.430071,209.5,2,0,-1,glassy,False
0.50084126,-0.23253196,210.0,2,0,-1,glassy,False
0.38655704,-0.2518062,210.5,2,0,-1,glassy,False
0.45883816,-0.03768074,211.0,2,0,-1,glassy,False
0.72005504,-0.28044847,211.5,2,0,-1,glassy,False
-0.04857664,-0.0732627,212.0,2,-1,-1,glassy,False
0.3999184,-0.36361507,212.5,2,0,-1,glassy,False
0.52400196,-1.1106853,213.0,2,0,-1,glassy,False
0.83740234,-0.119278535,213.5,2,0,-1,glassy,False
0.51220524,-0.14424828,214.0,2,0,-1,glassy,False
0.51817083,-0.2176575,214.5,2,0,-1,glassy,False
0.5710576,-0.57128406,215.0,2,0,-1,glassy,False
0.902074,-0.3286301,215.5,2,0,-1,glassy,False
0.6446469,-0.39738217,216.0,2,0,-1,glassy,False
0.7419334,0.61514485,216.5,2,0,0,glassy,False
1.2577237,0.09888356,217.0,2,0,0,glassy,False
0.7991946,0.45736676,217.5,2,0,0,glassy,False
1.0034816,0.19807668,218.0,2,0,0,glassy,False
0.96664137,0.54721004,218.5,2,0,0,glassy,False
0.9507728,0.31912068,219.0,2,0,0,glassy,False
0.3567552,-0.27298743,219.5,2,0,-1,glassy,False
0.8752486,-1.2543031,220.0,2,0,-1,glassy,False
0.5701644,-0.88122714,220.5,2,0,-1,glassy,False
0.14189431,-0.57356274,221.0,2,0,-1,glassy,False
0.013709813,-0.025913605,221.5,2,0,-1,glassy,False
0.18002954,0.024376558,222.0,2,0,0,glassy,False
0.056577228,0.12843587,222.5,2,0,0,glassy,False
-0.14240497,-0.15819307,223.0,2,-1,-1,glassy,False
-0.1966249,-0.07320134,223.5,2,-1,-1,glassy,False
-0.3226482,0.0010100356,224.0,2,-1,0,glassy,False
-0.22673355,-0.29310176,224.5,2,-1,-1,glassy,False
0.021754406,-0.466243,225.0,2,0,-1,glassy,False
-0.37969816,-0.46841,225.5,2,-1,-1,glassy,False
0.51998913,0.71317065,226.0,2,0,0,glassy,False
0.5543247,0.7342363,226.5,2,0,0,glassy,False
0.3701654,0.54789025,227.0,2,0,0,glassy,False
-0.00725883,0.1621541,227.5,2,-1,0,glassy,False
0.07146825,0.350926,228.0,2,0,0,glassy,False
-0.06433928,-0.13504103,228.5,2,-1,-1,glassy,False
0.03458698,0.14392827,229.0,2,0,0,glassy,False
-0.029223302,0.16638702,229.5,2,-1,0,glassy,False
1.1760316,-0.4080954,230.0,2,0,-1,glassy,False
0.22237147,-0.19487576,230.5,2,0,-1,glassy,False
-0.26529545,-0.15050714,231.0,2,-1,-1,glassy,False
-0.19623317,-0.16785875,231.5,2,-1,-1,glassy,False
0.39612344,-0.37783208,232.0,2,0,-1,glassy,False
0.17116636,-0.74611455,232.5,2,0,-1,glassy,False
0.40497684,-0.5442001,233.0,2,0,-1,glassy,False
0.7003008,-0.16199715,233.5,2,0,-1,glassy,False
0.6973316,-0.68949246,234.0,2,0,-1,glassy,False
0.334811,-0.5539168,234.5,2,0,-1,glassy,False
0.5148892,-0.58641154,235.0,2,0,-1,glassy,False
0.46221867,-0.11472801,235.5,2,0,-1,glassy,False
0.80557853,-0.46283486,236.0,2,0,-1,glassy,False
0.2458169,-0.46576735,236.5,2,0,-1,glassy,False
0.05483731,-0.9286647,237.0,2,0,-1,glassy,False
0.78003967,-0.92946035,237.5,2,0,-1,glassy,False
1.0195088,-0.5194773,238.0,2,0,-1,glassy,False
0.5956418,-0.34704822,238.5,2,0,-1,glassy,False
0.6815402,-0.68818104,239.0,2,0,-1,glassy,False
0.41781488,-0.8293493,239.5,2,0,-1,glassy,False
0.58840233,-1.1905011,240.0,2,0,-1,glassy,False
0.055905983,0.42431694,240.5,2,0,0,glassy,False
0.7236462,-0.79019225,241.0,2,0,-1,glassy,False
0.14701176,0.48234525,241.5,2,0,0,glassy,False
0.30309156,0.18635465,242.0,2,0,0,glassy,False
0.69237167,-0.4259654,242.5,2,0,-1,glassy,False
0.46593583,-0.08158856,243.0,2,0,-1,glassy,False
0.7120506,-0.7034226,243.5,2,0,-1,glassy,False
0.47233567,-0.75412613,244.0,2,0,-1,glassy,False
1.0214653,-0.51039153,244.5,2,0,-1,glassy,False
0.6855028,-0.26181597,245.0,2,0,-1,glassy,False
0.3719776,-0.5232684,245.5,2,0,-1,glassy,False
0.31749636,-0.9240179,246.0,2,0,-1,glassy,False
0.050383862,-0.6403518,246.5,2,0,-1,glassy,False
0.24122445,-0.8750053,247.0,2,0,-1,glassy,False
0.51230365,0.21471228,247.5,2,0,0,glassy,False
1.1224444,0.30001095,248.0,2,0,0,glassy,False
0.9294923,0.12813683,248.5,2,0,0,glassy,False
0.56290466,0.39137113,249.0,2,0,0,glassy,False
1.2737144,0.1476591,249.5,2,0,0,glassy,False
-0.35544056,-1.0491482,250.0,2,-1,-1,glassy,False
1.3688039,-0.17966196,250.5,2,0,-1,glassy,False
-0.50153553,-0.9708482,251.0,2,-1,-1,glassy,False
-0.6101479,-0.7277585,251.5,2,-1,-1,glassy,False
-0.42706463,-0.8802959,252.0,2,-1,-1,glassy,False
-0.3729101,-0.9253592,252.5,2,-1,-1,glassy,False
-0.6578874,-0.74707675,253.0,2,-1,-1,glassy,False
-0.36184633,-1.2561553,253.5,2,-1,-1,glassy,False
-0.56450003,-0.77207655,254.0,2,-1,-1,glassy,False
-0.533623,-0.8585253,254.5,2,-1,-1,glassy,False
-0.7221345,-0.8628625,255.0,2,-1,-1,glassy,False
-0.5654439,-0.75331616,255.5,2,-1,-1,glassy,False
-0.77491456,-0.9772837,256.0,2,-1,-1,glassy,False
-0.7648142,-0.7980509,256.5,2,-1,-1,glassy,False
-0.6802298,-1.0728228,257.0,2,-1,-1,glassy,False
-0.81159896,-0.8273824,257.5,2,-1,-1,glassy,False
-0.899533,-0.9465715,258.0,2,-1,-1,glassy,False
-0.81869906,-0.8916507,258.5,2,-1,-1,glassy,False
-0.78444725,-0.9367927,259.0,2,-1,-1,glassy,False
-0.8248584,-0.84876215,259.5,2,-1,-1,glassy,False
0.9051953,0.10982248,260.0,2,0,0,glassy,False
1.0577458,0.36047938,260.5,2,0,0,glassy,False
1.102052,0.3905384,261.0,2,0,0,glassy,False
0.84838486,0.68174493,261.5,2,0,0,glassy,False
1.1654853,0.4072152,262.0,2,0,0,glassy,False
1.2226572,0.33758393,262.5,2,0,0,glassy,False
-0.25541452,-0.9798385,263.0,2,-1,-1,glassy,False
1.0775957,-0.08221759,263.5,2,0,-1,glassy,False
0.889889,0.29897708,264.0,2,0,0,glassy,False
1.1948862,0.2074674,264.5,2,0,0,glassy,False
1.161248,0.3457776,265.0,2,0,0,glassy,False
1.1045512,0.3550999,265.5,2,0,0,glassy,False
1.2317506,0.50484645,266.0,2,0,0,glassy,False
-0.69839734,-0.5395151,266.5,2,-1,-1,glassy,False
0.012970913,-1.794302,267.0,2,0,-1,glassy,False
0.018878313,-1.9154797,267.5,2,0,-1,glassy,False
0.270576,-1.921263,268.0,2,0,-1,glassy,False
0.3006618,-2.0762837,268.5,2,0,-1,glassy,False
0.55285984,-1.9264079,269.0,2,0,-1,glassy,False
0.15190378,-2.0673647,269.5,2,0,-1,glassy,False
0.24761222,-1.9772197,270.0,2,0,-1,glassy,False
-0.25138187,-1.5841147,270.5,2,-1,-1,glassy,False
-0.16754673,-1.9959179,271.0,2,-1,-1,glassy,False
0.07837882,-2.0364268,271.5,2,0,-1,glassy,False
0.17530575,-1.9246066,272.0,2,0,-1,glassy,False
0.17493121,-2.0484154,272.5,2,0,-1,glassy,False
0.16524017,-1.9345881,273.0,2,0,-1,glassy,False
0.10995242,-2.0215125,273.5,2,0,-1,glassy,False
0.398127,-2.1074202,274.0,2,0,-1,glassy,False
-0.10243157,-2.0790157,274.5,2,-1,-1,glassy,False
-0.5169199,-1.210664,275.0,2,-1,-1,glassy,False
0.36940494,-2.205473,275.5,2,0,-1,glassy,False
-0.15289135,-1.9534643,276.0,2,-1,-1,glassy,False
-0.12407848,-2.1047912,276.5,2,-1,-1,glassy,False
-0.026113143,-2.0737674,277.0,2,-1,-1,glassy,False
0.0005858089,-2.042038,277.5,2,0,-1,glassy,False
-0.12207494,-1.8991804,278.0,2,-1,-1,glassy,False
0.107987516,-2.174898,278.5,2,0,-1,glassy,False
-0.087111436,-1.9622115,279.0,2,-1,-1,glassy,False
1.0744011,-0.44795144,279.5,2,0,-1,glassy,False
0.66885024,-1.8497983,280.0,2,0,-1,glassy,False
0.2595971,-2.2596428,280.5,2,0,-1,glassy,False
-0.06619597,-1.0855328,281.0,2,-1,-1,glassy,False
0.35311142,-1.9884547,281.5,2,0,-1,glassy,False
0.31244308,-2.0242689,282.0,2,0,-1,glassy,False
0.41637447,-1.497577,282.5,2,0,-1,glassy,False
0.33573106,-2.2541313,283.0,2,0,-1,glassy,False
0.50037235,-1.8926201,283.5,2,0,-1,glassy,False
0.15167816,-1.6755288,284.0,2,0,-1,glassy,False
-0.0647035,-1.4712381,284.5,2,-1,-1,glassy,False
0.5830685,-2.1412928,285.0,2,0,-1,glassy,False
-0.099414885,-1.2838084,285.5,2,-1,-1,glassy,False
0.33290026,-1.4311284,286.0,2,0,-1,glassy,False
0.9521887,0.4845104,286.5,2,0,0,glassy,False
-0.2890115,-0.63572323,287.0,2,-1,-1,glassy,False
-0.018306473,-1.0558412,287.5,2,-1,-1,glassy,False
0.068182655,-1.2864246,288.0,2,0,-1,glassy,False
-0.17519143,-0.49938542,288.5,2,-1,-1,glassy,False
0.00924688,-0.49199498,289.0,2,0,-1,glassy,False
1.1338727,0.10072408,289.5,2,0,0,glassy,False
-0.075645655,0.6908195,290.0,2,-1,0,glassy,False
1.2678503,-1.9702393,290.5,2,0,-1,glassy,False
0.071521066,0.75929856,291.0,2,0,0,glassy,False
-0.3093507,0.2273361,291.5,2,-1,0,glassy,False
-0.5853892,-0.22394833,292.0,2,-1,-1,glassy,False
-0.47038332,0.22161686,292.5,2,-1,0,glassy,False
-0.48549145,-0.22354974,293.0,2,-1,-1,glassy,False
1.1417499,-1.9896615,293.5,2,0,-1,glassy,False
1.187337,-2.090612,294.0,2,0,-1,glassy,False
0.84942657,-1.9517947,294.5,2,0,-1,glassy,False
1.2077281,-2.0774918,295.0,2,0,-1,glassy,False
1.3045007,-1.9198244,295.5,2,0,-1,glassy,False
1.2475486,-2.0282922,296.0,2,0,-1,glassy,False
1.1999724,-1.9746103,296.5,2,0,-1,glassy,False
1.2796824,-1.9965956,297.0,2,0,-1,glassy,False
1.2383627,-2.0161428,297.5,2,0,-1,glassy,False
1.2524161,-2.0630429,298.0,2,0,-1,glassy,False
1.3078413,-2.0300734,298.5,2,0,-1,glassy,False
1.2466955,-2.0803509,299.0,2,0,-1,glassy,False
1.3472128,-2.0039632,299.5,2,0,-1,glassy,False
1.8084682,-0.11348687,300.0,2,0,-1,glassy,False
1.7531954,-0.2528594,300.5,2,0,-1,glassy,False
1.3763374,-0.8506104,301.0,2,0,-1,glassy,False
1.6505941,0.002836351,301.5,2,0,0,glassy,False
1.4028556,0.15703976,302.0,2,0,0,glassy,False
1.6669985,-0.19285682,302.5,2,0,-1,glassy,False
1.7757643,-0.11597885,303.0,2,0,-1,glassy,False
1.8678732,-0.05702939,303.5,2,0,-1,glassy,False
1.7801417,-0.19908944,304.0,2,0,-1,glassy,False
1.8553426,-0.18737525,304.5,2,0,-1,glassy,False
1.8422345,-0.1295662,305.0,2,0,-1,glassy,False
1.8625257,-0.21904294,305.5,2,0,-1,glassy,False
1.749694,-0.26376772,306.0,2,0,-1,glassy,False
1.6853817,-0.30036682,306.5,2,0,-1,glassy,False
1.6389145,-0.4933453,307.0,2,0,-1,glassy,False
1.8317313,-0.34539193,307.5,2,0,-1,glassy,False
1.4295524,-0.3160314,308.0,2,0,-1,glassy,False
1.6278303,-0.3363318,308.5,2,0,-1,glassy,False
1.7588149,-0.31446508,309.0,2,0,-1,glassy,False
1.8580308,-0.08611057,309.5,2,0,-1,glassy,False
-0.235182,0.5423601,310.0,2,-1,0,glassy,False
-0.27728117,0.5796599,310.5,2,-1,0,glassy,False
-0.2587894,0.9657552,311.0,2,-1,0,glassy,False
-0.16369964,0.5011394,311.5,2,-1,0,glassy,False
-0.3186149,0.8688976,312.0,2,-1,0,glassy,False
-0.43114153,1.01698,312.5,2,-1,0,glassy,False
-0.21170694,1.0105991,313.0,2,-1,0,glassy,False
-0.026572583,1.1707127,313.5,2,-1,0,glassy,False
-0.34667972,1.1286238,314.0,2,-1,0,glassy,False
-0.44564554,1.0590396,314.5,2,-1,0,glassy,False
-0.5270238,0.81467736,315.0,2,-1,0,glassy,False
-0.53456724,0.43742743,315.5,2,-1,0,glassy,False
-0.42914915,1.0912545,316.0,2,-1,0,glassy,False
-0.36917835,0.92215914,316.5,2,-1,0,glassy,False
-0.33760637,0.84149605,317.0,2,-1,0,glassy,False
-0.47721893,0.9280375,317.5,2,-1,0,glassy,False
-0.5000207,0.9965896,318.0,2,-1,0,glassy,False
-0.48782918,0.97712237,318.5,2,-1,0,glassy,False
-0.2755446,1.2756557,319.0,2,-1,0,glassy,False
-0.33368164,1.213223,319.5,2,-1,0,glassy,False
-0.18948811,0.5059946,320.0,2,-1,0,glassy,False
-0.09501052,1.2122506,320.5,2,-1,0,glassy,False
0.182167,0.9852816,321.0,2,0,0,glassy,False
0.12849195,1.0222507,321.5,2,0,0,glassy,False
0.22707662,1.1770539,322.0,2,0,0,glassy,False
-0.06408472,1.2569472,322.5,2,-1,0,glassy,False
0.24585252,1.080785,323.0,2,0,0,glassy,False
0.12837493,1.3212559,323.5,2,0,0,glassy,False
0.2940939,1.105606,324.0,2,0,0,glassy,False
0.51810604,1.0332603,324.5,2,0,0,glassy,False
0.23923111,1.1022912,325.0,2,0,0,glassy,False
0.52052623,1.1914707,325.5,2,0,0,glassy,False
0.360855,1.476488,326.0,2,0,0,glassy,False
0.6212806,1.1096779,326.5,2,0,0,glassy,False
0.63870966,1.8813413,327.0,2,0,0,glassy,False
0.70433444,1.0840418,327.5,2,0,0,glassy,False
0.7068268,1.155072,328.0,2,0,0,glassy,False
0.6529964,1.2056795,328.5,2,0,0,glassy,False
0.6916162,1.1036386,329.0,2,0,0,glassy,False
0.21842073,1.4161896,329.5,2,0,0,glassy,False
0.6613541,2.369776,330.0,2,0,0,glassy,False
0.63592184,2.2296796,330.5,2,0,0,glassy,False
0.6585277,2.3609092,331.0,2,0,0,glassy,False
0.6197017,2.4202814,331.5,2,0,0,glassy,False
0.7215615,2.4713356,332.0,2,0,0,glassy,False
0.75887007,2.4677014,332.5,2,0,0,glassy,False
0.7869166,2.6096845,333.0,2,0,0,glassy,False
0.76837945,2.5184736,333.5,2,0,0,glassy,False
0.79281926,2.533373,334.0,2,0,0,glassy,False
0.68626505,2.443717,334.5,2,0,0,glassy,False
0.72414225,2.529326,335.0,2,0,0,glassy,False
0.7054376,2.4727247,335.5,2,0,0,glassy,False
0.8590961,2.6311648,336.0,2,0,0,glassy,False
0.6915458,2.5065615,336.5,2,0,0,glassy,False
0.67662096,2.5369833,337.0,2,0,0,glassy,False
0.754618,2.5659266,337.5,2,0,0,glassy,False
0.84448606,2.640292,338.0,2,0,0,glassy,False
0.83421,2.6419814,338.5,2,0,0,glassy,False
0.8414029,2.5728285,339.0,2,0,0,glassy,False
0.7435813,2.5968988,339.5,2,0,0,glassy,False
17.888533,3.9967215,340.0,0,1,0,rubbery,True
18.088898,4.0482063,340.5,0,1,0,rubbery,False
17.941166,3.9275584,341.0,0,1,0,rubbery,False
18.002003,3.9325683,341.5,0,1,0,rubbery,False
17.97289,4.01068,342.0,0,1,0,rubbery,False
18.04145,3.9023635,342.5,0,1,0,rubbery,False
18.038614,3.8632061,343.0,0,1,0,rubbery,False
17.992533,3.9584153,343.5,0,1,0,rubbery,False
17.947845,3.892162,344.0,0,1,0,rubbery,False
18.036186,4.0251546,344.5,0,1,0,rubbery,False
18.02845,3.9595027,345.0,0,1,0,rubbery,False
18.04116,4.0015483,345.5,0,1,0,rubbery,False
18.065636,3.959616,346.0,0,1,0,rubbery,False
18.05666,3.8938112,346.5,0,1,0,rubbery,False
17.987997,3.9968812,347.0,0,1,0,rubbery,False
18.09669,3.923816,347.5,0,1,0,rubbery,False
17.830147,4.0237055,348.0,0,1,0,rubbery,False
17.67471,4.0633717,348.5,0,1,0,rubbery,False
17.551178,4.109395,349.0,0,1,0,rubbery,False
17.03682,4.1177707,349.5,0,1,0,rubbery,False
16.847174,4.290374,350.0,0,1,0,rubbery,False
16.871881,4.2577453,350.5,0,1,0,rubbery,False
16.93449,4.130855,351.0,0,1,0,rubbery,False
16.907795,4.408597,351.5,0,1,0,rubbery,False
16.738129,4.3269825,352.0,0,1,0,rubbery,False
16.832035,4.321291,352.5,0,1,0,rubbery,False
16.885727,4.3657527,353.0,0,1,0,rubbery,False
16.856161,4.3629904,353.5,0,1,0,rubbery,False
16.79366,4.1707835,354.0,0,1,0,rubbery,False
16.884829,4.2764726,354.5,0,1,0,rubbery,False
16.45475,4.0324626,355.0,0,1,0,rubbery,False
16.718971,4.4010878,355.5,0,1,0,rubbery,False
16.787632,4.183165,356.0,0,1,0,rubbery,False
16.735123,4.3149085,356.5,0,1,0,rubbery,False
16.644192,4.3912416,357.0,0,1,0,rubbery,False
16.677273,4.305974,357.5,0,1,0,rubbery,False
16.774517,4.3526196,358.0,0,1,0,rubbery,False
16.584915,4.4030123,358.5,0,1,0,rubbery,False
16.55037,4.122929,359.0,0,1,0,rubbery,False
16.561344,4.0843616,359.5,0,1,0,rubbery,False
16.539076,4.1940017,360.0,0,1,0,rubbery,False
16.747562,4.359768,360.5,0,1,0,rubbery,False
16.589182,4.3768387,361.0,0,1,0,rubbery,False
16.645037,4.465076,361.5,0,1,0,rubbery,False
16.404089,4.0360513,362.0,0,1,0,rubbery,False
16.490839,4.0912876,362.5,0,1,0,rubbery,False
16.577236,4.3589444,363.0,0,1,0,rubbery,False
16.52177,4.264796,363.5,0,1,0,rubbery,False
16.373798,4.002164,364.0,0,1,0,rubbery,False
16.177364,3.8567863,364.5,0,1,0,rubbery,False
16.301992,4.008449,365.0,0,1,0,rubbery,False
16.249393,3.9573,365.5,0,1,0,rubbery,False
16.216833,3.8207374,366.0,0,1,0,rubbery,False
16.290106,3.913628,366.5,0,1,0,rubbery,False
16.25238,3.8554108,367.0,0,1,0,rubbery,False
16.175098,3.8436928,367.5,0,1,0,rubbery,False
16.240616,3.8617864,368.0,0,1,0,rubbery,False
16.081377,3.7280319,368.5,0,1,0,rubbery,False
16.136173,3.777483,369.0,0,1,0,rubbery,False
16.377762,3.8720975,369.5,0,1,0,rubbery,False
10.790673,3.9050767,370.0,0,1,0,rubbery,False
10.79856,3.8920274,370.5,0,1,0,rubbery,False
10.747676,3.9665518,371.0,0,1,0,rubbery,False
10.776664,3.8880823,371.5,0,1,0,rubbery,False
10.749856,3.9094992,372.0,0,1,0,rubbery,False
10.882619,3.8332603,372.5,0,1,0,rubbery,False
10.780793,3.8745782,373.0,0,1,0,rubbery,False
10.8593645,3.9272676,373.5,0,1,0,rubbery,False
10.856784,3.8176258,374.0,0,1,0,rubbery,False
10.740708,3.935022,374.5,0,1,0,rubbery,False
10.838833,3.837682,375.0,0,1,0,rubbery,False
10.804408,3.9359303,375.5,0,1,0,rubbery,False
10.753158,3.8160636,376.0,0,1,0,rubbery,False
10.649517,4.060621,376.5,0,1,0,rubbery,False
10.745288,3.7588105,377.0,0,1,0,rubbery,False
10.85857,3.7801054,377.5,0,1,0,rubbery,False
10.939411,3.608619,378.0,0,1,0,rubbery,False
10.896275,3.7444255,378.5,0,1,0,rubbery,False
10.929852,3.1704478,379.0,0,1,0,rubbery,False
10.896488,3.4776015,379.5,0,1,0,rubbery,False
11.015585,2.4058573,380.0,0,1,0,rubbery,False
11.07662,2.4208357,380.5,0,1,0,rubbery,False
11.086725,2.433352,381.0,0,1,0,rubbery,False
11.039451,2.2436192,381.5,0,1,0,rubbery,False
11.084739,2.4711256,382.0,0,1,0,rubbery,False
11.007002,2.3825898,382.5,0,1,0,rubbery,False
11.0373745,2.4000337,383.0,0,1,0,rubbery,False
11.063174,2.44108,383.5,0,1,0,rubbery,False
10.965369,2.378628,384.0,0,1,0,rubbery,False
10.971222,2.4910655,384.5,0,1,0,rubbery,False
11.059211,2.3153398,385.0,0,1,0,rubbery,False
11.068416,2.42618,385.5,0,1,0,rubbery,False
10.936788,2.4105802,386.0,0,1,0,rubbery,False
10.982518,2.3156507,386.5,0,1,0,rubbery,False
10.995999,2.359858,387.0,0,1,0,rubbery,False
11.111034,2.285,387.5,0,1,0,rubbery,False
10.938303,2.3764966,388.0,0,1,0,rubbery,False
11.12567,2.1243763,388.5,0,1,0,rubbery,False
11.100048,2.137545,389.0,0,1,0,rubbery,False
11.060999,2.054429,389.5,0,1,0,rubbery,False
11.112367,1.9798805,390.0,0,1,0,rubbery,False
11.075239,2.0052845,390.5,0,1,0,rubbery,False
11.109613,1.955985,391.0,0,1,0,rubbery,False
11.221442,1.3611348,391.5,0,1,0,rubbery,False
11.180504,1.5582668,392.0,0,1,0,rubbery,False
11.223324,1.2552143,392.5,0,1,0,rubbery,False
11.335237,0.96516186,393.0,0,1,0,rubbery,False
11.267519,1.0638772,393.5,0,1,0,rubbery,False
11.276804,0.905309,394.0,0,1,0,rubbery,False
11.266182,1.0251763,394.5,0,1,0,rubbery,False
11.246968,1.0544363,395.0,0,1,0,rubbery,False
11.348638,0.9287525,395.5,0,1,0,rubbery,False
11.24607,0.9791812,396.0,0,1,0,rubbery,False
11.373469,0.9731494,396.5,0,1,0,rubbery,False
11.3192835,0.8982847,397.0,0,1,0,rubbery,False
11.360103,0.82564014,397.5,0,1,0,rubbery,False
11.314043,0.8761816,398.0,0,1,0,rubbery,False
11.280694,0.9236334,398.5,0,1,0,rubbery,False
11.301217,0.86374784,399.0,0,1,0,rubbery,False
11.329795,0.89874256,399.5,0,1,0,rubbery,False
11.365741,0.5548077,400.0,0,1,0,rubbery,False
11.423539,0.3095209,400.5,0,1,0,rubbery,False
11.401689,0.28774732,401.0,0,1,0,rubbery,False
11.549134,-0.4452084,401.5,0,1,-1,rubbery,False
11.57247,-0.50062907,402.0,0,1,-1,rubbery,False
11.595223,-0.60660017,402.5,0,1,-1,rubbery,False
11.606704,-0.670217,403.0,0,1,-1,rubbery,False
11.6341095,-0.7148006,403.5,0,1,-1,rubbery,False
11.668758,-0.80112845,404.0,0,1,-1,rubbery,False
11.57105,-0.700501,404.5,0,1,-1,rubbery,False
11.701259,-0.84712243,405.0,0,1,-1,rubbery,False
11.633581,-0.7759771,405.5,0,1,-1,rubbery,False
11.682083,-0.7479337,406.0,0,1,-1,rubbery,False
11.64748,-0.8427269,406.5,0,1,-1,rubbery,False
11.595391,-0.8291363,407.0,0,1,-1,rubbery,False
11.7527,-0.83199483,407.5,0,1,-1,rubbery,False
11.73807,-0.93445605,408.0,0,1,-1,rubbery,False
11.735532,-0.93717366,408.5,0,1,-1,rubbery,False
11.828652,-1.1249506,409.0,0,1,-1,rubbery,False
11.760564,-1.0038167,409.5,0,1,-1,rubbery,False
12.169111,-2.0003147,410.0,0,1,-1,rubbery,False
12.103992,-1.9508494,410.5,0,1,-1,rubbery,False
12.166027,-2.0596373,411.0,0,1,-1,rubbery,False
12.181737,-2.0848422,411.5,0,1,-1,rubbery,False
12.191855,-2.1038675,412.0,0,1,-1,rubbery,False
12.281372,-2.194306,412.5,0,1,-1,rubbery,False
12.26883,-2.18068,413.0,0,1,-1,rubbery,False
12.281203,-2.1631417,413.5,0,1,-1,rubbery,False
12.230703,-2.1413734,414.0,0,1,-1,rubbery,False
12.2029,-2.1807582,414.5,0,1,-1,rubbery,False
12.350774,-2.1563153,415.0,0,1,-1,rubbery,False
12.242311,-2.2067373,415.5,0,1,-1,rubbery,False
12.284284,-2.244882,416.0,0,1,-1,rubbery,False
12.321928,-2.2441647,416.5,0,1,-1,rubbery,False
12.345133,-2.3105268,417.0,0,1,-1,rubbery,False
12.279368,-2.2469022,417.5,0,1,-1,rubbery,False
12.364068,-2.240532,418.0,0,1,-1,rubbery,False
12.406521,-2.132967,418.5,0,1,-1,rubbery,False
12.3138895,-2.2662246,419.0,0,1,-1,rubbery,False
12.427426,-2.344037,419.5,0,1,-1,rubbery,False
27.146765,9.890812,420.0,3,2,0,rubbery,False
27.116919,9.861064,420.5,3,2,0,rubbery,False
27.091179,9.835222,421.0,3,2,0,rubbery,False
27.109018,9.853054,421.5,3,2,0,rubbery,False
27.067123,9.811162,422.0,3,2,0,rubbery,False
27.063643,9.807765,422.5,3,2,0,rubbery,False
27.202465,9.946545,423.0,3,2,0,rubbery,False
27.04082,9.784932,423.5,3,2,0,rubbery,False
27.043537,9.787672,424.0,3,2,0,rubbery,False
27.14875,9.892682,424.5,3,2,0,rubbery,False
27.076708,9.8207245,425.0,3,2,0,rubbery,False
27.124317,9.868404,425.5,3,2,0,rubbery,False
27.086672,9.830716,426.0,3,2,0,rubbery,False
26.992363,9.736492,426.5,3,2,0,rubbery,False
27.039783,9.783827,427.0,3,2,0,rubbery,False
27.03458,9.778682,427.5,3,2,0,rubbery,False
27.12262,9.8667,428.0,3,2,0,rubbery,False
27.212801,9.956778,428.5,3,2,0,rubbery,False
27.015905,9.7600565,429.0,3,2,0,rubbery,False
26.960442,9.705787,429.5,3,2,0,rubbery,False
-18.71192,1.6793165,430.0,1,-2,0,rubbery,False
-18.733805,1.7523925,430.5,1,-2,0,rubbery,False
-18.607937,1.8115807,431.0,1,-2,0,rubbery,False
-18.65045,1.7560558,431.5,1,-2,0,rubbery,False
-18.617521,1.802169,432.0,1,-2,0,rubbery,False
-18.734756,1.71004,432.5,1,-2,0,rubbery,False
-18.70345,1.6889722,433.0,1,-2,0,rubbery,False
-18.694016,1.7255102,433.5,1,-2,0,rubbery,False
-18.627516,1.8065586,434.0,1,-2,0,rubbery,False
-18.733484,1.6871324,434.5,1,-2,0,rubbery,False
-18.624174,1.7955978,435.0,1,-2,0,rubbery,False
-18.648853,1.7690241,435.5,1,-2,0,rubbery,False
-18.702744,1.6883037,436.0,1,-2,0,rubbery,False
-18.725908,1.7036699,436.5,1,-2,0,rubbery,False
-18.782152,1.6354189,437.0,1,-2,0,rubbery,False
-18.649206,1.7687074,437.5,1,-2,0,rubbery,False
-18.711546,1.7089863,438.0,1,-2,0,rubbery,False
-18.720552,1.7008468,438.5,1,-2,0,rubbery,False
-18.790535,1.6300231,439.0,1,-2,0,rubbery,False
-19.009644,1.4245676,439.5,1,-2,0,rubbery,False
-22.665108,-1.4064802,440.0,1,-3,-1,rubbery,False
-22.614542,-1.3660719,440.5,1,-3,-1,rubbery,False
-22.667915,-1.4243789,441.0,1,-3,-1,rubbery,False
-22.704422,-1.4552162,441.5,1,-3,-1,rubbery,False
-22.738216,-1.546481,442.0,1,-3,-1,rubbery,False
-22.67653,-1.4890165,442.5,1,-3,-1,rubbery,False
-22.730822,-1.5113527,443.0,1,-3,-1,rubbery,False
-22.734255,-1.4263791,443.5,1,-3,-1,rubbery,False
-22.71889,-1.5022259,444.0,1,-3,-1,rubbery,False
-22.811007,-1.6121645,444.5,1,-3,-1,rubbery,False
-22.761868,-1.5442954,445.0,1,-3,-1,rubbery,False
-22.83557,-1.4569702,445.5,1,-3,-1,rubbery,False
-22.865675,-1.6582638,446.0,1,-3,-1,rubbery,False
-22.824842,-1.6341512,446.5,1,-3,-1,rubbery,False
-22.753208,-1.7326297,447.0,1,-3,-1,rubbery,False
-22.79598,-1.9388204,447.5,1,-3,-1,rubbery,False
-22.772854,-1.8350778,448.0,1,-3,-1,rubbery,False
-22.850458,-1.9076962,448.5,1,-3,-1,rubbery,False
-22.80292,-2.0077658,449.0,1,-3,-1,rubbery,False
-22.881525,-2.0842197,449.5,1,-3,-1,rubbery,False
-22.774273,-2.299063,450.0,1,-3,-1,rubbery,False
-22.756617,-2.5018196,450.5,1,-3,-1,rubbery,False
-22.776114,-2.5070326,451.0,1,-3,-1,rubbery,False
-22.815912,-2.3500276,451.5,1,-3,-1,rubbery,False
-22.772335,-2.532653,452.0,1,-3,-1,rubbery,False
-22.654766,-3.2558205,452.5,1,-3,-1,rubbery,False
-22.684782,-3.093503,453.0,1,-3,-1,rubbery,False
-22.635004,-3.3739927,453.5,1,-3,-1,rubbery,False
-22.638237,-3.3158631,454.0,1,-3,-1,rubbery,False
-22.589458,-3.4367814,454.5,1,-3,-1,rubbery,False
-22.527107,-3.4049041,455.0,1,-3,-1,rubbery,False
-22.666922,-3.451585,455.5,1,-3,-1,rubbery,False
-22.654785,-3.4793148,456.0,1,-3,-1,rubbery,False
-22.421183,-3.6434283,456.5,1,-3,-1,rubbery,False
-22.556725,-3.6331866,457.0,1,-3,-1,rubbery,False
-22.419746,-3.7424607,457.5,1,-3,-1,rubbery,False
-22.511175,-3.6501,458.0,1,-3,-1,rubbery,False
-22.44322,-3.5888865,458.5,1,-3,-1,rubbery,False
-22.533257,-3.6202703,459.0,1,-3,-1,rubbery,False
-22.103886,-4.06274,459.5,1,-3,-1,rubbery,False
-22.036205,-3.9221513,460.0,1,-3,-1,rubbery,False
-21.867474,-4.0096292,460.5,1,-3,-1,rubbery,False
-21.743977,-4.0317297,461.0,1,-3,-1,rubbery,False
-21.467367,-4.179945,461.5,1,-3,-1,rubbery,False
-21.431974,-4.158032,462.0,1,-3,-1,rubbery,False
-21.64518,-4.191179,462.5,1,-3,-1,rubbery,False
-21.577625,-4.2081275,463.0,1,-3,-1,rubbery,False
-21.773321,-4.20431,463.5,1,-3,-1,rubbery,False
-21.835968,-4.273315,464.0,1,-3,-1,rubbery,False
-21.801363,-4.2891,464.5,1,-3,-1,rubbery,False
-21.710522,-4.381507,465.0,1,-3,-1,rubbery,False
-21.848007,-4.3500376,465.5,1,-3,-1,rubbery,False
-21.937025,-4.230633,466.0,1,-3,-1,rubbery,False
-21.998236,-4.4052515,466.5,1,-3,-1,rubbery,False
-22.028757,-4.3348584,467.0,1,-3,-1,rubbery,False
-22.015503,-4.3901052,467.5,1,-3,-1,rubbery,False
-22.01833,-4.41093,468.0,1,-3,-1,rubbery,False
-21.96331,-4.4115624,468.5,1,-3,-1,rubbery,False
-21.905052,-4.3573174,469.0,1,-3,-1,rubbery,False
-21.971493,-4.0918236,469.5,1,-3,-1,rubbery,False
-21.601168,-3.0668612,470.0,1,-3,-1,rubbery,False
-21.672197,-3.131576,470.5,1,-3,-1,rubbery,False
-21.53305,-2.9789567,471.0,1,-3,-1,rubbery,False
-21.676554,-3.077643,471.5,1,-3,-1,rubbery,False
-21.566725,-3.0467675,472.0,1,-3,-1,rubbery,False
-21.480354,-2.9734552,472.5,1,-3,-1,rubbery,False
-21.44331,-2.932953,473.0,1,-3,-1,rubbery,False
-21.31347,-3.1163518,473.5,1,-3,-1,rubbery,False
-21.522062,-3.006562,474.0,1,-3,-1,rubbery,False
-21.449322,-2.9606202,474.5,1,-3,-1,rubbery,False
-21.553135,-3.0141802,475.0,1,-3,-1,rubbery,False
-21.609207,-3.0359235,475.5,1,-3,-1,rubbery,False
-21.418037,-2.8792942,476.0,1,-3,-1,rubbery,False
-21.449232,-2.8728666,476.5,1,-3,-1,rubbery,False
-21.413893,-2.8262854,477.0,1,-3,-1,rubbery,False
-21.429945,-2.9557939,477.5,1,-3,-1,rubbery,False
-21.310207,-3.0550861,478.0,1,-3,-1,rubbery,False
-21.268494,-3.069285,478.5,1,-3,-1,rubbery,False
-21.30212,-3.0547795,479.0,1,-3,-1,rubbery,False
-21.337326,-2.845252,479.5,1,-3,-1,rubbery,False
-21.267218,-3.2507055,480.0,1,-3,-1,rubbery,False
-21.164747,-3.2887383,480.5,1,-3,-1,rubbery,False
-21.20342,-3.2650445,481.0,1,-3,-1,rubbery,False
-21.265528,-3.33769,481.5,1,-3,-1,rubbery,False
-21.152534,-3.5041406,482.0,1,-3,-1,rubbery,False
-21.10604,-3.5113032,482.5,1,-3,-1,rubbery,False
-21.15127,-3.5844622,483.0,1,-3,-1,rubbery,False
-21.188848,-3.6165953,483.5,1,-3,-1,rubbery,False
-21.099934,-3.967918,484.0,1,-3,-1,rubbery,False
-21.130133,-3.926351,484.5,1,-3,-1,rubbery,False
-21.046547,-3.924813,485.0,1,-3,-1,rubbery,False
-21.155943,-3.999201,485.5,1,-3,-1,rubbery,False
-21.025024,-4.0784364,486.0,1,-3,-1,rubbery,False
-20.911955,-4.06142,486.5,1,-3,-1,rubbery,False
-20.927856,-4.0827084,487.0,1,-3,-1,rubbery,False
-21.169226,-4.1385574,487.5,1,-3,-1,rubbery,False
-21.058134,-4.140316,488.0,1,-3,-1,rubbery,False
-21.024807,-4.1748967,488.5,1,-3,-1,rubbery,False
-20.749603,-4.2545485,489.0,1,-3,-1,rubbery,False
-20.661766,-4.2254167,489.5,1,-3,-1,rubbery,False
-20.49413,-3.8171427,490.0,1,-3,-1,rubbery,False
-20.482119,-3.9176183,490.5,1,-3,-1,rubbery,False
-20.53397,-3.9994793,491.0,1,-3,-1,rubbery,False
-20.488203,-4.0459576,491.5,1,-3,-1,rubbery,False
-20.37428,-3.9203236,492.0,1,-3,-1,rubbery,False
-20.422043,-3.860712,492.5,1,-3,-1,rubbery,False
-20.358425,-3.928698,493.0,1,-3,-1,rubbery,False
-20.397444,-3.964395,493.5,1,-3,-1,rubbery,False
-20.227638,-4.0910263,494.0,1,-3,-1,rubbery,False
-20.253075,-4.1043873,494.5,1,-3,-1,rubbery,False
-20.268032,-4.122497,495.0,1,-3,-1,rubbery,False
-20.25928,-4.1201673,495.5,1,-3,-1,rubbery,False
-20.287197,-4.0821743,496.0,1,-3,-1,rubbery,False
-20.231535,-4.077569,496.5,1,-3,-1,rubbery,False
-20.158749,-4.234666,497.0,1,-3,-1,rubbery,False
-20.187344,-4.1565475,497.5,1,-3,-1,rubbery,False
-20.213562,-4.2105184,498.0,1,-3,-1,rubbery,False
-20.183529,-4.234889,498.5,1,-3,-1,rubbery,False
-20.165112,-4.231064,499.0,1,-3,-1,rubbery,False
-20.250278,-4.3388553,499.5,1,-3,-1,rubbery,False
-20.065025,-4.348627,500.0,1,-3,-1,rubbery,False
