UMAP1,UMAP2,temp,Cluster,Grid_X,Grid_Y,State,Cluster_Change
3.7527423,51.761364,50.0,1,0,5,rubbery,False
3.242968,51.441784,50.5,1,0,5,rubbery,False
4.674016,51.516884,51.0,1,0,5,rubbery,False
4.542875,51.02168,51.5,1,0,5,rubbery,False
3.2206125,50.655846,52.0,1,0,5,rubbery,False
4.154509,52.29155,52.5,1,0,5,rubbery,False
3.898832,52.026752,53.0,1,0,5,rubbery,False
3.821076,51.906635,53.5,1,0,5,rubbery,False
3.9436169,51.73905,54.0,1,0,5,rubbery,False
3.492524,49.99331,54.5,1,0,4,rubbery,False
3.7533877,49.32438,55.0,1,0,4,rubbery,False
3.8108501,50.73274,55.5,1,0,5,rubbery,False
3.256776,49.854824,56.0,1,0,4,rubbery,False
4.767358,52.00473,56.5,1,0,5,rubbery,False
3.3694634,51.25281,57.0,1,0,5,rubbery,False
3.2609174,51.866714,57.5,1,0,5,rubbery,False
3.8522792,51.98406,58.0,1,0,5,rubbery,False
4.33732,51.898117,58.5,1,0,5,rubbery,False
4.4840107,51.346287,59.0,1,0,5,rubbery,False
4.4399605,52.301987,59.5,1,0,5,rubbery,False
3.2981586,50.52402,60.0,1,0,5,rubbery,False
4.0544467,51.31956,60.5,1,0,5,rubbery,False
3.8896306,50.550552,61.0,1,0,5,rubbery,False
3.9740493,51.59975,61.5,1,0,5,rubbery,False
4.658815,50.88543,62.0,1,0,5,rubbery,False
3.7476976,51.211433,62.5,1,0,5,rubbery,False
3.5697467,51.208748,63.0,1,0,5,rubbery,False
3.567184,50.930428,63.5,1,0,5,rubbery,False
4.1480193,50.911354,64.0,1,0,5,rubbery,False
3.4121935,51.066822,64.5,1,0,5,rubbery,False
4.088246,50.014683,65.0,1,0,5,rubbery,False
3.667849,52.099827,65.5,1,0,5,rubbery,False
4.287493,51.925385,66.0,1,0,5,rubbery,False
4.2542295,52.068157,66.5,1,0,5,rubbery,False
4.287861,50.852924,67.0,1,0,5,rubbery,False
3.8256078,49.82199,67.5,1,0,4,rubbery,False
4.69174,50.03512,68.0,1,0,5,rubbery,False
3.4749024,51.178944,68.5,1,0,5,rubbery,False
3.7964792,50.316254,69.0,1,0,5,rubbery,False
3.9506352,52.14353,69.5,1,0,5,rubbery,False
3.5402591,52.698887,70.0,1,0,5,rubbery,False
3.8486495,51.950912,70.5,1,0,5,rubbery,False
3.6795254,52.47597,71.0,1,0,5,rubbery,False
4.193965,50.750458,71.5,1,0,5,rubbery,False
3.9635794,50.914078,72.0,1,0,5,rubbery,False
3.735842,50.727947,72.5,1,0,5,rubbery,False
4.4928813,51.10092,73.0,1,0,5,rubbery,False
4.188326,51.592323,73.5,1,0,5,rubbery,False
3.3713715,50.78209,74.0,1,0,5,rubbery,False
3.6636436,51.44901,74.5,1,0,5,rubbery,False
4.839057,51.80624,75.0,1,0,5,rubbery,False
3.780636,51.6118,75.5,1,0,5,rubbery,False
3.5963209,52.340744,76.0,1,0,5,rubbery,False
4.6187925,50.748924,76.5,1,0,5,rubbery,False
3.458558,52.157948,77.0,1,0,5,rubbery,False
4.4642744,51.439495,77.5,1,0,5,rubbery,False
4.491706,52.418232,78.0,1,0,5,rubbery,False
3.654326,50.07295,78.5,1,0,5,rubbery,False
4.329717,51.1852,79.0,1,0,5,rubbery,False
3.6006458,51.399353,79.5,1,0,5,rubbery,False
3.6311226,52.498215,80.0,1,0,5,rubbery,False
3.5825272,51.825268,80.5,1,0,5,rubbery,False
4.6982737,51.71852,81.0,1,0,5,rubbery,False
4.151187,51.580173,81.5,1,0,5,rubbery,False
4.153086,52.214676,82.0,1,0,5,rubbery,False
4.152781,50.22909,82.5,1,0,5,rubbery,False
4.1680665,51.747868,83.0,1,0,5,rubbery,False
3.2683792,52.01366,83.5,1,0,5,rubbery,False
4.462724,52.440456,84.0,1,0,5,rubbery,False
3.275317,50.996544,84.5,1,0,5,rubbery,False
4.560944,50.903378,85.0,1,0,5,rubbery,False
3.5935783,50.900566,85.5,1,0,5,rubbery,False
3.6742692,52.226658,86.0,1,0,5,rubbery,False
4.4659305,50.587074,86.5,1,0,5,rubbery,False
4.2049026,52.553143,87.0,1,0,5,rubbery,False
3.7650669,51.12004,87.5,1,0,5,rubbery,False
4.793752,52.14846,88.0,1,0,5,rubbery,False
3.3574991,51.007366,88.5,1,0,5,rubbery,False
3.9659035,51.38248,89.0,1,0,5,rubbery,False
3.272615,51.802795,89.5,1,0,5,rubbery,False
3.4919367,51.810722,90.0,1,0,5,rubbery,False
3.1929486,52.164318,90.5,1,0,5,rubbery,False
4.4838047,50.388565,91.0,1,0,5,rubbery,False
3.575243,51.06289,91.5,1,0,5,rubbery,False
3.6320043,50.685017,92.0,1,0,5,rubbery,False
2.9985094,51.91562,92.5,1,0,5,rubbery,False
3.029688,50.980183,93.0,1,0,5,rubbery,False
4.028114,50.805134,93.5,1,0,5,rubbery,False
3.4386325,51.913334,94.0,1,0,5,rubbery,False
3.8337233,52.020775,94.5,1,0,5,rubbery,False
4.148894,49.917675,95.0,1,0,4,rubbery,False
4.510582,49.189877,95.5,2,0,4,rubbery,False
4.0449967,51.711372,96.0,1,0,5,rubbery,False
4.246819,50.194954,96.5,1,0,5,rubbery,False
4.7992306,49.937603,97.0,1,0,4,rubbery,False
4.0254893,50.666668,97.5,1,0,5,rubbery,False
4.4347496,50.921673,98.0,1,0,5,rubbery,False
4.123605,50.93697,98.5,1,0,5,rubbery,False
4.342502,49.71024,99.0,1,0,4,rubbery,False
3.6747944,50.14071,99.5,1,0,5,rubbery,False
2.977724,49.64804,100.0,1,0,4,rubbery,False
2.9482985,50.29602,100.5,1,0,5,rubbery,False
3.2079034,51.8443,101.0,1,0,5,rubbery,False
3.3448617,49.374557,101.5,1,0,4,rubbery,False
2.9927142,49.364494,102.0,1,0,4,rubbery,False
2.989062,49.24488,102.5,1,0,4,rubbery,False
2.9610372,49.10822,103.0,1,0,4,rubbery,False
2.8691318,49.562637,103.5,1,0,4,rubbery,False
3.1396096,49.37131,104.0,1,0,4,rubbery,False
2.9121723,49.32732,104.5,1,0,4,rubbery,False
4.0452976,48.85715,105.0,2,0,4,rubbery,False
4.2086115,49.40738,105.5,1,0,4,rubbery,False
3.161077,51.668987,106.0,1,0,5,rubbery,False
2.7874262,49.73347,106.5,1,0,4,rubbery,False
3.5412216,50.476196,107.0,1,0,5,rubbery,False
2.7673635,49.98597,107.5,1,0,4,rubbery,False
2.4457748,49.523766,108.0,1,0,4,rubbery,False
2.3603172,49.491882,108.5,1,0,4,rubbery,False
2.4133816,49.41704,109.0,1,0,4,rubbery,False
2.386264,49.553043,109.5,1,0,4,rubbery,False
2.3067503,49.43944,110.0,1,0,4,rubbery,False
2.3445656,49.47178,110.5,1,0,4,rubbery,False
2.3463008,49.513996,111.0,1,0,4,rubbery,False
2.368384,49.405556,111.5,1,0,4,rubbery,False
2.4276931,49.333763,112.0,1,0,4,rubbery,False
2.4237516,49.334248,112.5,1,0,4,rubbery,False
2.3272066,49.465508,113.0,1,0,4,rubbery,False
2.352193,49.369072,113.5,1,0,4,rubbery,False
2.3726377,49.426006,114.0,1,0,4,rubbery,False
2.7173545,49.44697,114.5,1,0,4,rubbery,False
2.7664063,49.25329,115.0,1,0,4,rubbery,False
2.8026648,49.198284,115.5,1,0,4,rubbery,False
2.5310333,49.616856,116.0,1,0,4,rubbery,False
2.580231,49.378838,116.5,1,0,4,rubbery,False
2.820885,49.170147,117.0,1,0,4,rubbery,False
2.901848,49.23467,117.5,1,0,4,rubbery,False
3.0918357,49.41405,118.0,1,0,4,rubbery,False
3.0780385,50.49133,118.5,1,0,5,rubbery,False
3.9139526,49.5509,119.0,1,0,4,rubbery,False
3.772461,49.80098,119.5,1,0,4,rubbery,False
4.813848,51.43829,120.0,1,0,5,rubbery,False
3.3960009,51.370483,120.5,1,0,5,rubbery,False
4.1423182,49.217262,121.0,1,0,4,rubbery,False
4.7203155,51.953384,121.5,1,0,5,rubbery,False
4.62992,51.049225,122.0,1,0,5,rubbery,False
3.068985,49.21211,122.5,1,0,4,rubbery,False
3.4148417,48.780872,123.0,2,0,4,rubbery,False
3.2064734,49.312153,123.5,1,0,4,rubbery,False
3.4321358,48.68843,124.0,2,0,4,rubbery,False
3.5209641,48.30653,124.5,2,0,4,rubbery,False
4.704386,48.84017,125.0,2,0,4,rubbery,False
4.6782684,48.50755,125.5,2,0,4,rubbery,False
3.0480237,49.003685,126.0,1,0,4,rubbery,False
5.083685,48.55694,126.5,2,0,4,rubbery,False
4.624519,48.712193,127.0,2,0,4,rubbery,False
4.3677506,48.664833,127.5,2,0,4,rubbery,False
4.69799,48.647526,128.0,2,0,4,rubbery,False
4.5975165,50.356987,128.5,1,0,5,rubbery,False
4.8481607,48.645576,129.0,2,0,4,rubbery,False
4.8105764,48.792427,129.5,2,0,4,rubbery,False
4.6083655,48.50277,130.0,2,0,4,rubbery,False
4.7909126,48.456158,130.5,2,0,4,rubbery,False
4.879094,48.5602,131.0,2,0,4,rubbery,False
4.7069592,48.6286,131.5,2,0,4,rubbery,False
5.0268435,48.380947,132.0,2,0,4,rubbery,False
4.7046123,48.667023,132.5,2,0,4,rubbery,False
5.2052994,48.10466,133.0,2,0,4,rubbery,False
4.6429534,48.98512,133.5,2,0,4,rubbery,False
4.89323,48.85329,134.0,2,0,4,rubbery,False
4.7472773,49.173786,134.5,2,0,4,rubbery,False
4.5933013,49.183456,135.0,2,0,4,rubbery,False
4.8211007,49.030876,135.5,2,0,4,rubbery,False
4.808066,49.272,136.0,2,0,4,rubbery,False
4.876738,49.218227,136.5,2,0,4,rubbery,False
4.4413347,49.483387,137.0,1,0,4,rubbery,False
4.810667,48.781246,137.5,2,0,4,rubbery,False
4.948201,49.048527,138.0,2,0,4,rubbery,False
4.681393,49.375015,138.5,2,0,4,rubbery,False
4.6333385,49.426556,139.0,2,0,4,rubbery,False
4.814034,48.83894,139.5,2,0,4,rubbery,False
4.92634,48.158417,140.0,2,0,4,rubbery,False
5.1408505,48.525383,140.5,2,0,4,rubbery,False
3.4470766,48.6965,141.0,2,0,4,rubbery,False
4.305978,49.596672,141.5,1,0,4,rubbery,False
4.896696,48.245766,142.0,2,0,4,rubbery,False
4.7445602,48.37507,142.5,2,0,4,rubbery,False
4.7101893,50.36472,143.0,1,0,5,rubbery,False
5.153942,48.268368,143.5,2,0,4,rubbery,False
4.5289564,48.096394,144.0,2,0,4,rubbery,False
4.6512146,47.988197,144.5,2,0,4,rubbery,False
4.870143,48.108917,145.0,2,0,4,rubbery,False
3.5519705,48.148544,145.5,2,0,4,rubbery,False
4.9767857,47.67022,146.0,2,0,4,rubbery,False
4.658584,48.33892,146.5,2,0,4,rubbery,False
4.6911473,47.889687,147.0,2,0,4,rubbery,False
4.8016224,48.10697,147.5,2,0,4,rubbery,False
4.642463,47.860218,148.0,2,0,4,rubbery,False
4.68915,47.925907,148.5,2,0,4,rubbery,False
4.610916,47.952656,149.0,2,0,4,rubbery,False
4.939138,47.80082,149.5,2,0,4,rubbery,False
4.5300403,47.829987,150.0,2,0,4,rubbery,False
5.032484,48.2565,150.5,2,0,4,rubbery,False
4.9607873,48.863426,151.0,2,0,4,rubbery,False
4.940058,48.25701,151.5,2,0,4,rubbery,False
5.0354667,48.719704,152.0,2,0,4,rubbery,False
4.928971,48.279644,152.5,2,0,4,rubbery,False
5.0314455,48.27385,153.0,2,0,4,rubbery,False
4.3451586,49.030605,153.5,2,0,4,rubbery,False
4.894575,48.58026,154.0,2,0,4,rubbery,False
4.791257,48.146313,154.5,2,0,4,rubbery,False
4.872321,47.90357,155.0,2,0,4,rubbery,False
5.2195473,48.413097,155.5,2,0,4,rubbery,False
4.8526263,48.097656,156.0,2,0,4,rubbery,False
5.120236,48.231647,156.5,2,0,4,rubbery,False
5.218105,48.8567,157.0,2,0,4,rubbery,False
3.5593326,48.91674,157.5,2,0,4,rubbery,False
3.7391078,48.806587,158.0,2,0,4,rubbery,False
4.185103,47.839565,158.5,2,0,4,rubbery,False
3.950722,48.70471,159.0,2,0,4,rubbery,False
4.387117,48.626865,159.5,2,0,4,rubbery,False
4.129989,47.940315,160.0,2,0,4,rubbery,False
3.7691948,48.266296,160.5,2,0,4,rubbery,False
3.6392627,47.858555,161.0,2,0,4,rubbery,False
3.9821079,47.947186,161.5,2,0,4,rubbery,False
3.961005,47.884575,162.0,2,0,4,rubbery,False
3.8140287,47.771942,162.5,2,0,4,rubbery,False
3.7546306,47.814785,163.0,2,0,4,rubbery,False
3.6065278,47.98514,163.5,2,0,4,rubbery,False
3.857906,47.627735,164.0,2,0,4,rubbery,False
3.9468036,47.704304,164.5,2,0,4,rubbery,False
4.108644,47.86263,165.0,2,0,4,rubbery,False
4.1936626,48.042343,165.5,2,0,4,rubbery,False
3.969769,47.86428,166.0,2,0,4,rubbery,False
4.1205716,47.74811,166.5,2,0,4,rubbery,False
4.212741,47.65958,167.0,2,0,4,rubbery,False
4.046688,47.602917,167.5,2,0,4,rubbery,False
3.712485,48.07776,168.0,2,0,4,rubbery,False
4.267797,47.659966,168.5,2,0,4,rubbery,False
3.9855802,47.743107,169.0,2,0,4,rubbery,False
4.1100426,47.714188,169.5,2,0,4,rubbery,False
5.0608845,48.04893,170.0,2,0,4,rubbery,False
4.692035,48.246193,170.5,2,0,4,rubbery,False
4.523297,48.17602,171.0,2,0,4,rubbery,False
4.917278,48.167187,171.5,2,0,4,rubbery,False
4.7492356,48.35382,172.0,2,0,4,rubbery,False
4.1046076,47.97842,172.5,2,0,4,rubbery,False
4.1957197,47.997078,173.0,2,0,4,rubbery,False
3.5792885,48.016857,173.5,2,0,4,rubbery,False
3.4590213,47.838753,174.0,2,0,4,rubbery,False
3.654394,47.715767,174.5,2,0,4,rubbery,False
3.4997616,47.891598,175.0,2,0,4,rubbery,False
3.4375756,47.868587,175.5,2,0,4,rubbery,False
3.477689,47.863163,176.0,2,0,4,rubbery,False
3.5637476,47.644287,176.5,2,0,4,rubbery,False
3.6445296,47.65179,177.0,2,0,4,rubbery,False
4.120073,47.445095,177.5,2,0,4,rubbery,False
4.028426,47.503025,178.0,2,0,4,rubbery,False
3.7679768,47.467266,178.5,2,0,4,rubbery,False
3.7094176,47.545082,179.0,2,0,4,rubbery,False
3.6332529,47.529892,179.5,2,0,4,rubbery,False
4.738386,47.430626,180.0,2,0,4,rubbery,False
4.7757683,47.401917,180.5,2,0,4,rubbery,False
4.8779535,47.51602,181.0,2,0,4,rubbery,False
4.9443855,47.49668,181.5,2,0,4,rubbery,False
4.8682785,47.506134,182.0,2,0,4,rubbery,False
5.1525106,47.663826,182.5,2,0,4,rubbery,False
4.9398365,47.634346,183.0,2,0,4,rubbery,False
5.1192436,47.478355,183.5,2,0,4,rubbery,False
5.0243263,47.807,184.0,2,0,4,rubbery,False
4.881737,47.70015,184.5,2,0,4,rubbery,False
4.7588367,47.524765,185.0,2,0,4,rubbery,False
4.7959466,47.643955,185.5,2,0,4,rubbery,False
4.8698316,47.523766,186.0,2,0,4,rubbery,False
5.2418976,47.764805,186.5,2,0,4,rubbery,False
5.4139056,48.02828,187.0,2,0,4,rubbery,False
5.30347,48.120384,187.5,2,0,4,rubbery,False
5.5084076,47.920425,188.0,2,0,4,rubbery,False
5.539098,47.742992,188.5,2,0,4,rubbery,False
5.401742,48.02512,189.0,2,0,4,rubbery,False
5.407504,47.7794,189.5,2,0,4,rubbery,False
-5.423514,14.146952,190.0,0,-1,1,glassy,True
-5.524792,14.03118,190.5,0,-1,1,glassy,False
-5.4654946,14.006218,191.0,0,-1,1,glassy,False
-5.515542,14.029213,191.5,0,-1,1,glassy,False
-5.462672,13.92973,192.0,0,-1,1,glassy,False
-5.6795497,13.887958,192.5,0,-1,1,glassy,False
-5.6699276,13.93147,193.0,0,-1,1,glassy,False
-5.713121,13.823214,193.5,0,-1,1,glassy,False
-5.6406503,13.48638,194.0,0,-1,1,glassy,False
-5.6028304,13.784658,194.5,0,-1,1,glassy,False
-5.4541583,13.965417,195.0,0,-1,1,glassy,False
-5.628599,13.960123,195.5,0,-1,1,glassy,False
-5.4142513,13.940717,196.0,0,-1,1,glassy,False
-5.544457,13.87899,196.5,0,-1,1,glassy,False
-5.8725963,13.832797,197.0,0,-1,1,glassy,False
-5.8960156,13.910744,197.5,0,-1,1,glassy,False
-5.8696055,13.691854,198.0,0,-1,1,glassy,False
-5.90234,13.6855345,198.5,0,-1,1,glassy,False
-5.8299127,13.5406065,199.0,0,-1,1,glassy,False
-5.5277567,13.800627,199.5,0,-1,1,glassy,False
-5.8970785,13.580826,200.0,0,-1,1,glassy,False
-5.734064,13.587091,200.5,0,-1,1,glassy,False
-5.7436748,13.64716,201.0,0,-1,1,glassy,False
-5.751768,13.548399,201.5,0,-1,1,glassy,False
-5.581217,13.65263,202.0,0,-1,1,glassy,False
-5.8840256,13.443959,202.5,0,-1,1,glassy,False
-5.679919,13.65734,203.0,0,-1,1,glassy,False
-5.726425,13.566102,203.5,0,-1,1,glassy,False
-5.9066267,13.492271,204.0,0,-1,1,glassy,False
-5.9881716,13.528788,204.5,0,-1,1,glassy,False
-5.928618,13.75329,205.0,0,-1,1,glassy,False
-5.995896,13.785994,205.5,0,-1,1,glassy,False
-6.1854544,13.815091,206.0,0,-1,1,glassy,False
-5.9552083,13.927225,206.5,0,-1,1,glassy,False
-5.9289913,13.993532,207.0,0,-1,1,glassy,False
-5.9129367,13.987816,207.5,0,-1,1,glassy,False
-5.373968,14.002996,208.0,0,-1,1,glassy,False
-5.677924,14.073799,208.5,0,-1,1,glassy,False
-4.9275975,13.999806,209.0,0,-1,1,glassy,False
-4.961637,14.049519,209.5,0,-1,1,glassy,False
-4.8650694,13.981897,210.0,0,-1,1,glassy,False
-4.7339,13.948417,210.5,0,-1,1,glassy,False
-4.6879363,14.090329,211.0,0,-1,1,glassy,False
-4.5677176,14.118178,211.5,0,-1,1,glassy,False
-4.6047015,13.994006,212.0,0,-1,1,glassy,False
-4.5228696,13.985976,212.5,0,-1,1,glassy,False
-4.5503864,13.964453,213.0,0,-1,1,glassy,False
-4.4957676,14.010359,213.5,0,-1,1,glassy,False
-4.541951,14.053614,214.0,0,-1,1,glassy,False
-4.746793,14.045839,214.5,0,-1,1,glassy,False
-4.5694237,13.997648,215.0,0,-1,1,glassy,False
-4.5980783,14.120482,215.5,0,-1,1,glassy,False
-4.4359565,14.004965,216.0,0,-1,1,glassy,False
-4.430468,14.133743,216.5,0,-1,1,glassy,False
-4.458611,14.006632,217.0,0,-1,1,glassy,False
-4.2406588,13.943467,217.5,0,-1,1,glassy,False
-4.3484364,14.088634,218.0,0,-1,1,glassy,False
-4.42895,14.025859,218.5,0,-1,1,glassy,False
-4.4258394,14.040102,219.0,0,-1,1,glassy,False
-4.3978176,14.001492,219.5,0,-1,1,glassy,False
-6.0196266,12.303424,220.0,0,-1,1,glassy,False
-6.0714254,12.249315,220.5,0,-1,1,glassy,False
-5.959734,12.428808,221.0,0,-1,1,glassy,False
-5.9838233,12.460657,221.5,0,-1,1,glassy,False
-5.918354,12.803577,222.0,0,-1,1,glassy,False
-5.8991284,12.593291,222.5,0,-1,1,glassy,False
-5.949651,12.390412,223.0,0,-1,1,glassy,False
-5.9429235,12.332704,223.5,0,-1,1,glassy,False
-6.0001683,12.334035,224.0,0,-1,1,glassy,False
-6.180411,12.179094,224.5,0,-1,1,glassy,False
-6.1301036,12.0343075,225.0,0,-1,1,glassy,False
-6.179598,11.779236,225.5,0,-1,1,glassy,False
-6.0414686,12.280297,226.0,0,-1,1,glassy,False
-5.9898467,12.177668,226.5,0,-1,1,glassy,False
-5.9939394,12.2966,227.0,0,-1,1,glassy,False
-5.9391856,12.219678,227.5,0,-1,1,glassy,False
-6.206141,12.238596,228.0,0,-1,1,glassy,False
-6.1641836,12.167184,228.5,0,-1,1,glassy,False
-6.35665,12.204693,229.0,0,-1,1,glassy,False
-6.202622,12.060169,229.5,0,-1,1,glassy,False
-6.3123355,11.625171,230.0,0,-1,1,glassy,False
-6.36188,11.57149,230.5,0,-1,1,glassy,False
-6.258841,11.708478,231.0,0,-1,1,glassy,False
-6.2132635,12.058616,231.5,0,-1,1,glassy,False
-6.510101,11.98763,232.0,0,-1,1,glassy,False
-6.4164944,11.92511,232.5,0,-1,1,glassy,False
-6.250393,12.021658,233.0,0,-1,1,glassy,False
-6.7006626,12.470916,233.5,0,-1,1,glassy,False
-6.4301543,11.918008,234.0,0,-1,1,glassy,False
-6.5960436,12.156089,234.5,0,-1,1,glassy,False
-6.5019073,11.736804,235.0,0,-1,1,glassy,False
-6.4553914,12.241218,235.5,0,-1,1,glassy,False
-6.3058786,11.599944,236.0,0,-1,1,glassy,False
-6.3392935,11.666582,236.5,0,-1,1,glassy,False
-6.3892884,11.590677,237.0,0,-1,1,glassy,False
-6.320838,11.530505,237.5,0,-1,1,glassy,False
-6.3851824,11.657773,238.0,0,-1,1,glassy,False
-6.3550577,11.536703,238.5,0,-1,1,glassy,False
-6.3803988,11.482501,239.0,0,-1,1,glassy,False
-6.340893,11.519121,239.5,0,-1,1,glassy,False
-6.3546042,11.527648,240.0,0,-1,1,glassy,False
-6.348714,11.518348,240.5,0,-1,1,glassy,False
-6.4407473,11.569374,241.0,0,-1,1,glassy,False
-6.64324,11.935411,241.5,0,-1,1,glassy,False
-6.8938,13.187068,242.0,0,-1,1,glassy,False
-6.6058846,13.48786,242.5,0,-1,1,glassy,False
-7.2739005,13.2120075,243.0,0,-1,1,glassy,False
-7.6990156,13.17141,243.5,0,-1,1,glassy,False
-7.1255794,13.112667,244.0,0,-1,1,glassy,False
-7.0733747,13.0701475,244.5,0,-1,1,glassy,False
-7.31283,13.4105215,245.0,0,-1,1,glassy,False
-7.1024966,13.0277815,245.5,0,-1,1,glassy,False
-7.0921903,12.98043,246.0,0,-1,1,glassy,False
-7.1753364,13.01121,246.5,0,-1,1,glassy,False
-7.2399864,12.9175625,247.0,0,-1,1,glassy,False
-7.1384325,13.032839,247.5,0,-1,1,glassy,False
-7.10266,13.032102,248.0,0,-1,1,glassy,False
-7.082914,13.121155,248.5,0,-1,1,glassy,False
-6.2489696,13.595891,249.0,0,-1,1,glassy,False
-7.063889,13.100719,249.5,0,-1,1,glassy,False
-7.8790197,13.358662,250.0,0,-1,1,glassy,False
-7.946393,13.326606,250.5,0,-1,1,glassy,False
-7.9322176,13.372654,251.0,0,-1,1,glassy,False
-7.915228,13.228124,251.5,0,-1,1,glassy,False
-8.072794,13.237336,252.0,0,-1,1,glassy,False
-7.930217,13.483524,252.5,0,-1,1,glassy,False
-8.058227,13.370314,253.0,0,-1,1,glassy,False
-8.043142,13.251742,253.5,0,-1,1,glassy,False
-8.024315,13.275063,254.0,0,-1,1,glassy,False
-7.8966393,13.390111,254.5,0,-1,1,glassy,False
-8.008423,13.166753,255.0,0,-1,1,glassy,False
-8.088286,13.139299,255.5,0,-1,1,glassy,False
-8.118873,13.053341,256.0,0,-1,1,glassy,False
-8.043222,13.282369,256.5,0,-1,1,glassy,False
-8.178511,13.099511,257.0,0,-1,1,glassy,False
-8.216939,12.955661,257.5,0,-1,1,glassy,False
-8.097385,12.983909,258.0,0,-1,1,glassy,False
-8.051473,12.950232,258.5,0,-1,1,glassy,False
-8.276822,12.826283,259.0,0,-1,1,glassy,False
-8.174869,12.748584,259.5,0,-1,1,glassy,False
-8.471544,12.526069,260.0,0,-1,1,glassy,False
-8.604273,12.230458,260.5,0,-1,1,glassy,False
-8.909137,11.863307,261.0,0,-1,1,glassy,False
-8.645074,11.893872,261.5,0,-1,1,glassy,False
-8.730942,11.832084,262.0,0,-1,1,glassy,False
-8.941439,11.849155,262.5,0,-1,1,glassy,False
-9.114069,11.71865,263.0,0,-1,1,glassy,False
-8.964693,11.787708,263.5,0,-1,1,glassy,False
-8.948077,11.791958,264.0,0,-1,1,glassy,False
-9.0573435,11.74561,264.5,0,-1,1,glassy,False
-8.883311,11.912248,265.0,0,-1,1,glassy,False
-9.025498,11.825957,265.5,0,-1,1,glassy,False
-8.998566,11.976942,266.0,0,-1,1,glassy,False
-9.124996,11.774622,266.5,0,-1,1,glassy,False
-9.045463,11.916187,267.0,0,-1,1,glassy,False
-9.025075,11.841287,267.5,0,-1,1,glassy,False
-8.971079,11.891106,268.0,0,-1,1,glassy,False
-8.804913,12.073036,268.5,0,-1,1,glassy,False
-8.751748,12.124697,269.0,0,-1,1,glassy,False
-8.9131565,11.908369,269.5,0,-1,1,glassy,False
-9.506737,11.501694,270.0,0,-1,1,glassy,False
-9.2145,11.62806,270.5,0,-1,1,glassy,False
-9.637036,11.464107,271.0,0,-1,1,glassy,False
-9.553741,11.463077,271.5,0,-1,1,glassy,False
-9.72482,11.395936,272.0,0,-1,1,glassy,False
-9.722598,11.423484,272.5,0,-1,1,glassy,False
-9.62341,11.531439,273.0,0,-1,1,glassy,False
-9.561195,11.535437,273.5,0,-1,1,glassy,False
-9.797121,11.357444,274.0,0,-1,1,glassy,False
-9.803633,11.340403,274.5,0,-1,1,glassy,False
-9.869724,11.3194275,275.0,0,-1,1,glassy,False
-9.822517,11.258258,275.5,0,-1,1,glassy,False
-9.825388,11.300187,276.0,0,-1,1,glassy,False
-9.773145,11.366331,276.5,0,-1,1,glassy,False
-9.912689,11.257635,277.0,0,-1,1,glassy,False
-9.907693,11.246082,277.5,0,-1,1,glassy,False
-9.853536,11.297278,278.0,0,-1,1,glassy,False
-9.964547,11.2132,278.5,0,-1,1,glassy,False
-9.861169,11.289963,279.0,0,-1,1,glassy,False
-9.576352,11.453683,279.5,0,-1,1,glassy,False
-7.457385,13.749635,280.0,0,-1,1,glassy,False
-7.410314,14.111819,280.5,0,-1,1,glassy,False
-7.7094274,14.092164,281.0,0,-1,1,glassy,False
-7.7983055,13.882968,281.5,0,-1,1,glassy,False
-7.7440524,14.208718,282.0,0,-1,1,glassy,False
-7.779184,14.252728,282.5,0,-1,1,glassy,False
-7.7074037,14.265189,283.0,0,-1,1,glassy,False
-7.7866054,14.535397,283.5,0,-1,1,glassy,False
-7.7109704,14.469308,284.0,0,-1,1,glassy,False
-7.9615555,15.164168,284.5,0,-1,1,glassy,False
-7.8654146,14.79776,285.0,0,-1,1,glassy,False
-7.97513,15.140276,285.5,0,-1,1,glassy,False
-7.9088244,15.015313,286.0,0,-1,1,glassy,False
-7.9840035,15.323956,286.5,0,-1,1,glassy,False
-8.027503,15.465194,287.0,0,-1,1,glassy,False
-8.058132,15.515068,287.5,0,-1,1,glassy,False
-8.0229,15.4486685,288.0,0,-1,1,glassy,False
-8.063177,15.479751,288.5,0,-1,1,glassy,False
-8.070867,15.544891,289.0,0,-1,1,glassy,False
-8.1058855,15.562658,289.5,0,-1,1,glassy,False
-8.161383,15.892464,290.0,0,-1,1,glassy,False
-8.067568,15.626536,290.5,0,-1,1,glassy,False
-8.080738,15.561673,291.0,0,-1,1,glassy,False
-8.101958,15.600486,291.5,0,-1,1,glassy,False
-8.119846,15.761467,292.0,0,-1,1,glassy,False
-8.168662,15.699703,292.5,0,-1,1,glassy,False
-8.186579,16.01717,293.0,0,-1,1,glassy,False
-8.241494,16.276217,293.5,0,-1,1,glassy,False
-8.181397,16.15104,294.0,0,-1,1,glassy,False
-8.194554,16.219698,294.5,0,-1,1,glassy,False
-8.214244,16.192556,295.0,0,-1,1,glassy,False
-8.221315,16.291815,295.5,0,-1,1,glassy,False
-8.332386,16.205204,296.0,0,-1,1,glassy,False
-8.244144,16.287802,296.5,0,-1,1,glassy,False
-8.270407,16.272133,297.0,0,-1,1,glassy,False
-8.233887,16.248127,297.5,0,-1,1,glassy,False
-8.2438755,16.269028,298.0,0,-1,1,glassy,False
-8.200771,16.1944,298.5,0,-1,1,glassy,False
-8.300907,16.310568,299.0,0,-1,1,glassy,False
-8.298181,16.301207,299.5,0,-1,1,glassy,False
-8.296758,16.232239,300.0,0,-1,1,glassy,False
3.937439,52.236458,300.5,1,0,5,rubbery,True
3.690937,52.603714,301.0,1,0,5,rubbery,False
3.61141,52.309315,301.5,1,0,5,rubbery,False
4.309614,52.470963,302.0,1,0,5,rubbery,False
4.4840155,52.23419,302.5,1,0,5,rubbery,False
3.8105323,52.596428,303.0,1,0,5,rubbery,False
4.374001,51.12703,303.5,1,0,5,rubbery,False
3.9724739,52.73514,304.0,1,0,5,rubbery,False
3.4570076,51.78849,304.5,1,0,5,rubbery,False
3.7591603,52.051853,305.0,1,0,5,rubbery,False
3.8003843,52.838993,305.5,1,0,5,rubbery,False
4.492577,52.3585,306.0,1,0,5,rubbery,False
3.2530117,51.247677,306.5,1,0,5,rubbery,False
4.5680604,51.467472,307.0,1,0,5,rubbery,False
4.6632347,50.93207,307.5,1,0,5,rubbery,False
4.4178495,52.22728,308.0,1,0,5,rubbery,False
4.5304866,52.28264,308.5,1,0,5,rubbery,False
3.903381,52.500854,309.0,1,0,5,rubbery,False
4.577186,51.772533,309.5,1,0,5,rubbery,False
4.54179,51.939983,310.0,1,0,5,rubbery,False
4.379077,52.009712,310.5,1,0,5,rubbery,False
3.569806,52.77964,311.0,1,0,5,rubbery,False
4.1845126,52.170055,311.5,1,0,5,rubbery,False
3.782839,51.551605,312.0,1,0,5,rubbery,False
3.8399441,52.418064,312.5,1,0,5,rubbery,False
4.3550453,52.146034,313.0,1,0,5,rubbery,False
3.667646,51.952785,313.5,1,0,5,rubbery,False
4.119034,52.83468,314.0,1,0,5,rubbery,False
4.4380407,51.63246,314.5,1,0,5,rubbery,False
4.4009447,52.559795,315.0,1,0,5,rubbery,False
4.409384,51.634308,315.5,1,0,5,rubbery,False
4.65082,52.313393,316.0,1,0,5,rubbery,False
4.1894374,52.564915,316.5,1,0,5,rubbery,False
3.5269997,51.992584,317.0,1,0,5,rubbery,False
3.7631896,52.7019,317.5,1,0,5,rubbery,False
4.756514,51.893948,318.0,1,0,5,rubbery,False
3.4773314,52.453587,318.5,1,0,5,rubbery,False
4.2838635,52.306526,319.0,1,0,5,rubbery,False
3.5440776,50.424538,319.5,1,0,5,rubbery,False
3.406152,52.253,320.0,1,0,5,rubbery,False
3.560524,51.319256,320.5,1,0,5,rubbery,False
3.1163483,51.762497,321.0,1,0,5,rubbery,False
4.0124693,51.146194,321.5,1,0,5,rubbery,False
3.9896832,52.29105,322.0,1,0,5,rubbery,False
3.4862983,51.757412,322.5,1,0,5,rubbery,False
4.194372,51.31544,323.0,1,0,5,rubbery,False
3.8208795,52.430805,323.5,1,0,5,rubbery,False
4.8730564,51.990818,324.0,1,0,5,rubbery,False
3.2785683,52.43534,324.5,1,0,5,rubbery,False
3.7443314,52.712933,325.0,1,0,5,rubbery,False
4.631983,52.473248,325.5,1,0,5,rubbery,False
3.4313915,51.53586,326.0,1,0,5,rubbery,False
4.012614,51.249207,326.5,1,0,5,rubbery,False
4.2290754,52.934746,327.0,1,0,5,rubbery,False
4.6453223,51.360764,327.5,1,0,5,rubbery,False
4.358501,52.526936,328.0,1,0,5,rubbery,False
4.3733563,51.75753,328.5,1,0,5,rubbery,False
4.5720997,52.00396,329.0,1,0,5,rubbery,False
3.9293616,51.486267,329.5,1,0,5,rubbery,False
4.693863,52.204937,330.0,1,0,5,rubbery,False
3.3191144,52.235992,330.5,1,0,5,rubbery,False
4.5800576,51.693146,331.0,1,0,5,rubbery,False
4.018688,52.678844,331.5,1,0,5,rubbery,False
4.4309688,51.798195,332.0,1,0,5,rubbery,False
3.6012423,51.05456,332.5,1,0,5,rubbery,False
3.940935,52.15025,333.0,1,0,5,rubbery,False
3.1923902,51.8865,333.5,1,0,5,rubbery,False
4.798696,50.63667,334.0,1,0,5,rubbery,False
3.70613,52.07842,334.5,1,0,5,rubbery,False
3.5201678,52.483524,335.0,1,0,5,rubbery,False
4.5924435,52.064156,335.5,1,0,5,rubbery,False
3.6334558,52.40864,336.0,1,0,5,rubbery,False
2.9935443,51.89073,336.5,1,0,5,rubbery,False
4.005114,52.41329,337.0,1,0,5,rubbery,False
3.7812517,51.56947,337.5,1,0,5,rubbery,False
3.6511536,51.7581,338.0,1,0,5,rubbery,False
4.2787876,51.851833,338.5,1,0,5,rubbery,False
3.1540449,50.24648,339.0,1,0,5,rubbery,False
3.5991645,50.32632,339.5,1,0,5,rubbery,False
4.270928,52.626564,340.0,1,0,5,rubbery,False
3.2606463,52.054157,340.5,1,0,5,rubbery,False
4.0311112,52.617558,341.0,1,0,5,rubbery,False
4.0758014,52.607334,341.5,1,0,5,rubbery,False
3.1914668,51.103127,342.0,1,0,5,rubbery,False
4.0489483,50.60337,342.5,1,0,5,rubbery,False
4.4855766,52.225666,343.0,1,0,5,rubbery,False
4.271511,52.73784,343.5,1,0,5,rubbery,False
3.7635775,52.514095,344.0,1,0,5,rubbery,False
4.457391,50.287453,344.5,1,0,5,rubbery,False
4.064165,52.764652,345.0,1,0,5,rubbery,False
3.394284,52.740757,345.5,1,0,5,rubbery,False
3.0623407,51.322643,346.0,1,0,5,rubbery,False
4.156283,52.461205,346.5,1,0,5,rubbery,False
4.233803,49.867584,347.0,1,0,4,rubbery,False
3.7591627,52.32245,347.5,1,0,5,rubbery,False
4.731706,51.395996,348.0,1,0,5,rubbery,False
3.9494677,52.949066,348.5,1,0,5,rubbery,False
4.621401,50.98445,349.0,1,0,5,rubbery,False
4.467884,50.558075,349.5,1,0,5,rubbery,False
4.235404,51.452953,350.0,1,0,5,rubbery,False
