UMAP1,UMAP2,temp,Cluster,Grid_X,Grid_Y,State,Cluster_Change
-25.338814,-0.12786101,200.0,2,-3,-1,glassy,False
-24.935448,0.007163688,200.5,2,-3,0,glassy,False
-24.502394,-1.0932318,201.0,2,-3,-1,glassy,False
-25.045134,0.50160974,201.5,2,-3,0,glassy,False
-24.971382,-0.7138599,202.0,2,-3,-1,glassy,False
-24.617266,-0.008169671,202.5,2,-3,-1,glassy,False
-25.271902,0.15748721,203.0,2,-3,0,glassy,False
-24.530796,-0.8240461,203.5,2,-3,-1,glassy,False
-25.08902,0.07626925,204.0,2,-3,0,glassy,False
-24.526463,-0.6106415,204.5,2,-3,-1,glassy,False
-25.034666,-0.46122792,205.0,2,-3,-1,glassy,False
-24.692278,-0.5256621,205.5,2,-3,-1,glassy,False
-24.910095,0.65677714,206.0,3,-3,0,rubbery,True
-24.706408,-0.36496225,206.5,2,-3,-1,glassy,True
-24.37251,-0.7373414,207.0,2,-3,-1,glassy,False
-24.75772,-0.41015124,207.5,2,-3,-1,glassy,False
-25.123905,0.7516826,208.0,3,-3,0,rubbery,True
-24.633564,0.6628375,208.5,3,-3,0,rubbery,False
-24.877953,-0.6601332,209.0,2,-3,-1,glassy,True
-24.672583,0.3295373,209.5,3,-3,0,rubbery,True
-24.500204,-0.42341012,210.0,2,-3,-1,glassy,True
-25.38345,-0.050055653,210.5,2,-3,-1,glassy,False
-24.639175,-0.8931057,211.0,2,-3,-1,glassy,False
-24.75433,-0.649229,211.5,2,-3,-1,glassy,False
-25.09756,0.48275504,212.0,2,-3,0,glassy,False
-24.540844,-0.27251548,212.5,2,-3,-1,glassy,False
-24.452457,0.3706915,213.0,3,-3,0,rubbery,True
-24.966396,-1.1338443,213.5,2,-3,-1,glassy,True
-25.313158,0.15004073,214.0,2,-3,0,glassy,False
-24.990473,-1.0208453,214.5,2,-3,-1,glassy,False
-25.284058,-0.5089714,215.0,2,-3,-1,glassy,False
-25.348888,-0.11251986,215.5,2,-3,-1,glassy,False
-24.609901,-0.6160841,216.0,2,-3,-1,glassy,False
-24.838863,-0.83327144,216.5,2,-3,-1,glassy,False
-23.938835,-0.73444337,217.0,4,-3,-1,rubbery,True
-24.583025,-0.9209532,217.5,2,-3,-1,glassy,True
-24.705463,-1.1044893,218.0,2,-3,-1,glassy,False
-24.885145,-0.8889397,218.5,2,-3,-1,glassy,False
-25.348597,-0.7132743,219.0,2,-3,-1,glassy,False
-24.571232,-0.8056683,219.5,2,-3,-1,glassy,False
-24.656754,-0.843156,220.0,2,-3,-1,glassy,False
-24.407581,-0.38320282,220.5,2,-3,-1,glassy,False
-23.925629,-0.702959,221.0,4,-3,-1,rubbery,True
-23.63552,-0.5035805,221.5,4,-3,-1,rubbery,False
-25.006962,-0.69851834,222.0,2,-3,-1,glassy,True
-24.716637,-0.14998902,222.5,2,-3,-1,glassy,False
-25.180092,-0.44832194,223.0,2,-3,-1,glassy,False
-25.236265,0.20927437,223.5,2,-3,0,glassy,False
-25.440325,0.14978848,224.0,2,-3,0,glassy,False
-25.02749,-0.70652705,224.5,2,-3,-1,glassy,False
-23.70873,-0.4337959,225.0,4,-3,-1,rubbery,True
-24.415579,0.42324623,225.5,3,-3,0,rubbery,False
-25.508345,-0.22382627,226.0,2,-3,-1,glassy,True
-24.95217,-0.8328736,226.5,2,-3,-1,glassy,False
-25.01272,-1.0960248,227.0,2,-3,-1,glassy,False
-24.80863,-1.1585977,227.5,2,-3,-1,glassy,False
-25.455948,-0.10944458,228.0,2,-3,-1,glassy,False
-25.201422,0.06713606,228.5,2,-3,0,glassy,False
-25.07487,0.3765023,229.0,2,-3,0,glassy,False
-25.359516,0.08361576,229.5,2,-3,0,glassy,False
-23.814417,-0.37877387,230.0,4,-3,-1,rubbery,True
-24.104204,-1.0573244,230.5,4,-3,-1,rubbery,False
-25.170935,-0.6181644,231.0,2,-3,-1,glassy,True
-24.586433,0.6998186,231.5,3,-3,0,rubbery,True
-24.320091,0.15511139,232.0,2,-3,0,glassy,True
-25.084913,-0.23413913,232.5,2,-3,-1,glassy,False
-25.468359,-0.79099005,233.0,2,-3,-1,glassy,False
-23.860714,-0.45222506,233.5,4,-3,-1,rubbery,True
-23.722952,-0.59341186,234.0,4,-3,-1,rubbery,False
-23.584635,-0.91354245,234.5,4,-3,-1,rubbery,False
-23.728022,-0.6438314,235.0,4,-3,-1,rubbery,False
-25.027777,0.4800407,235.5,2,-3,0,glassy,True
-23.836199,-0.091900006,236.0,2,-3,-1,glassy,False
-23.656752,-0.1894505,236.5,4,-3,-1,rubbery,True
-23.875923,0.027409725,237.0,2,-3,0,glassy,True
-23.892199,-0.8911234,237.5,4,-3,-1,rubbery,True
-23.929115,-0.7543237,238.0,4,-3,-1,rubbery,False
-24.303654,-1.0008583,238.5,2,-3,-1,glassy,True
-24.978806,0.32886142,239.0,2,-3,0,glassy,False
-24.74365,0.6778718,239.5,3,-3,0,rubbery,True
-24.766928,-0.03414793,240.0,2,-3,-1,glassy,True
-24.768835,-0.72686553,240.5,2,-3,-1,glassy,False
-24.643805,0.095197126,241.0,2,-3,0,glassy,False
-24.273788,-0.3571285,241.5,2,-3,-1,glassy,False
-25.100967,-0.6737377,242.0,2,-3,-1,glassy,False
-23.61866,-0.28862852,242.5,4,-3,-1,rubbery,True
-24.423246,-0.9057184,243.0,2,-3,-1,glassy,True
-23.533833,-0.5521379,243.5,4,-3,-1,rubbery,True
-24.508396,-0.34233952,244.0,2,-3,-1,glassy,True
-25.448944,-0.46790612,244.5,2,-3,-1,glassy,False
-24.455235,-0.9902788,245.0,2,-3,-1,glassy,False
-25.386887,-0.93997,245.5,2,-3,-1,glassy,False
-24.821413,0.6691325,246.0,3,-3,0,rubbery,True
-23.882849,-0.6571161,246.5,4,-3,-1,rubbery,False
-25.01931,-0.54472256,247.0,2,-3,-1,glassy,True
-23.810854,-0.6802713,247.5,4,-3,-1,rubbery,True
-24.760366,-0.82360226,248.0,2,-3,-1,glassy,True
-23.578941,-0.4063256,248.5,4,-3,-1,rubbery,True
-24.086142,-0.93245685,249.0,4,-3,-1,rubbery,False
-25.212032,0.29510045,249.5,2,-3,0,glassy,True
-24.917555,0.11720063,250.0,2,-3,0,glassy,False
-24.154682,-0.7288443,250.5,2,-3,-1,glassy,False
-24.647892,-1.1913673,251.0,2,-3,-1,glassy,False
-25.248596,-1.1568379,251.5,2,-3,-1,glassy,False
-25.22488,-1.1618856,252.0,2,-3,-1,glassy,False
-24.685722,-1.2056738,252.5,2,-3,-1,glassy,False
-24.799124,0.52526456,253.0,3,-3,0,rubbery,True
-23.73512,-0.007943978,253.5,2,-3,-1,glassy,True
-24.138802,-0.59647983,254.0,2,-3,-1,glassy,False
-24.163668,0.2465689,254.5,2,-3,0,glassy,False
-25.40874,-0.92026603,255.0,2,-3,-1,glassy,False
-23.491701,-0.60657495,255.5,4,-3,-1,rubbery,True
-24.592459,0.176145,256.0,2,-3,0,glassy,True
-24.767927,-0.70030826,256.5,2,-3,-1,glassy,False
-24.050146,-1.0532249,257.0,4,-3,-1,rubbery,True
-24.287796,-0.45100456,257.5,2,-3,-1,glassy,True
-23.593832,0.32419077,258.0,4,-3,0,rubbery,True
-24.048958,-1.0364,258.5,4,-3,-1,rubbery,False
-24.924953,-1.3326762,259.0,2,-3,-1,glassy,True
-23.381624,-0.53101146,259.5,4,-3,-1,rubbery,True
-24.777145,0.12518781,260.0,2,-3,0,glassy,True
-23.752005,-0.77782136,260.5,4,-3,-1,rubbery,True
-24.277903,0.5798089,261.0,3,-3,0,rubbery,False
-24.431192,1.0561554,261.5,3,-3,0,rubbery,False
-24.210503,0.037436225,262.0,2,-3,0,glassy,True
-24.747831,0.47328186,262.5,3,-3,0,rubbery,True
-24.88002,-0.07127061,263.0,2,-3,-1,glassy,True
-24.299383,1.07629,263.5,3,-3,0,rubbery,True
-24.702385,-0.5515573,264.0,2,-3,-1,glassy,True
-25.101671,-0.2508737,264.5,2,-3,-1,glassy,False
-24.471684,0.35013852,265.0,3,-3,0,rubbery,True
-25.095898,0.34737357,265.5,2,-3,0,glassy,True
-24.88803,1.0515728,266.0,3,-3,0,rubbery,True
-23.887568,-0.04140028,266.5,2,-3,-1,glassy,True
-24.694368,0.46523762,267.0,3,-3,0,rubbery,True
-23.652893,-0.3977083,267.5,4,-3,-1,rubbery,False
-24.62735,0.23366582,268.0,2,-3,0,glassy,True
-23.73834,-0.869893,268.5,4,-3,-1,rubbery,True
-25.209137,-0.26979214,269.0,2,-3,-1,glassy,True
-25.532383,0.24332562,269.5,2,-3,0,glassy,False
-23.455198,0.08633555,270.0,4,-3,0,rubbery,True
-24.498228,-1.3869016,270.5,2,-3,-1,glassy,True
-24.10867,-1.08221,271.0,4,-3,-1,rubbery,True
-23.838026,-1.1699947,271.5,4,-3,-1,rubbery,False
-23.725271,-0.8238582,272.0,4,-3,-1,rubbery,False
-24.614632,-1.0390731,272.5,2,-3,-1,glassy,True
-25.299292,-0.9176215,273.0,2,-3,-1,glassy,False
-25.51658,0.20957308,273.5,2,-3,0,glassy,False
-23.532335,-0.98347217,274.0,4,-3,-1,rubbery,True
-24.369717,-0.5852151,274.5,2,-3,-1,glassy,True
-24.560331,-0.56285745,275.0,2,-3,-1,glassy,False
-23.805708,-0.98110706,275.5,4,-3,-1,rubbery,True
-24.643082,0.13078612,276.0,2,-3,0,glassy,True
-25.07475,0.092043556,276.5,2,-3,0,glassy,False
-23.348806,-0.70401675,277.0,4,-3,-1,rubbery,True
-25.44143,-0.54477936,277.5,2,-3,-1,glassy,True
-24.492962,-1.2221671,278.0,2,-3,-1,glassy,False
-24.671762,-1.3059174,278.5,2,-3,-1,glassy,False
-25.532152,-0.36280385,279.0,2,-3,-1,glassy,False
-23.617647,-0.9111131,279.5,4,-3,-1,rubbery,True
-24.865402,0.55353796,280.0,3,-3,0,rubbery,False
-24.396086,-0.023911478,280.5,2,-3,-1,glassy,True
-24.124601,-0.10198959,281.0,2,-3,-1,glassy,False
-25.177397,-0.25656834,281.5,2,-3,-1,glassy,False
-25.073795,-0.98039573,282.0,2,-3,-1,glassy,False
-24.654633,0.42675924,282.5,3,-3,0,rubbery,True
-24.582922,0.6139141,283.0,3,-3,0,rubbery,False
-24.961678,0.4132567,283.5,2,-3,0,glassy,True
-24.81463,-0.21007507,284.0,2,-3,-1,glassy,False
-24.955076,-0.16638009,284.5,2,-3,-1,glassy,False
-24.60948,0.071819164,285.0,2,-3,0,glassy,False
-23.471216,-0.70873034,285.5,4,-3,-1,rubbery,True
-23.618906,-0.027545553,286.0,2,-3,-1,glassy,True
-25.379911,0.04769423,286.5,2,-3,0,glassy,False
-25.096865,0.20668653,287.0,2,-3,0,glassy,False
-25.448183,0.20506732,287.5,2,-3,0,glassy,False
-25.063131,-0.8575963,288.0,2,-3,-1,glassy,False
-24.56042,0.70003915,288.5,3,-3,0,rubbery,True
-25.249557,-0.56363046,289.0,2,-3,-1,glassy,True
-25.176548,-0.34851992,289.5,2,-3,-1,glassy,False
-23.350286,-0.28234738,290.0,4,-3,-1,rubbery,True
-23.88137,0.5773905,290.5,4,-3,0,rubbery,False
-23.182777,-0.21272594,291.0,4,-3,-1,rubbery,False
-24.217333,0.14450411,291.5,2,-3,0,glassy,True
-23.291325,-0.4057467,292.0,4,-3,-1,rubbery,True
-23.260164,-0.3867645,292.5,4,-3,-1,rubbery,False
-24.20787,0.7926321,293.0,3,-3,0,rubbery,False
-24.00171,0.36139753,293.5,4,-3,0,rubbery,False
-23.50298,0.3406131,294.0,4,-3,0,rubbery,False
-23.146814,-0.15491384,294.5,4,-3,-1,rubbery,False
-24.278135,0.866562,295.0,3,-3,0,rubbery,False
-23.539783,0.050552744,295.5,4,-3,0,rubbery,False
-23.731386,0.55109704,296.0,4,-3,0,rubbery,False
-23.819626,0.074417904,296.5,2,-3,0,glassy,True
-24.666264,0.9123124,297.0,3,-3,0,rubbery,True
-25.269693,0.60877633,297.5,3,-3,0,rubbery,False
-24.314583,1.1007049,298.0,3,-3,0,rubbery,False
-24.071299,1.1112286,298.5,3,-3,0,rubbery,False
-24.385824,-0.040597625,299.0,2,-3,-1,glassy,True
-23.693993,0.20869787,299.5,4,-3,0,rubbery,True
-23.784203,1.1108619,300.0,3,-3,0,rubbery,False
-23.479088,-0.03770322,300.5,4,-3,-1,rubbery,False
-23.870724,0.58017427,301.0,4,-3,0,rubbery,False
-23.17812,0.34746,301.5,4,-3,0,rubbery,False
-24.226976,1.5582359,302.0,3,-3,0,rubbery,False
-23.34793,0.008281271,302.5,4,-3,0,rubbery,False
-24.290215,-0.03747,303.0,2,-3,-1,glassy,True
-24.69837,-0.93958795,303.5,2,-3,-1,glassy,False
-23.211596,0.35441786,304.0,4,-3,0,rubbery,True
-24.150848,1.2407874,304.5,3,-3,0,rubbery,False
-24.592564,0.9843679,305.0,3,-3,0,rubbery,False
-25.14719,-1.2538126,305.5,2,-3,-1,glassy,True
-23.749746,0.6909019,306.0,4,-3,0,rubbery,True
-24.936234,-1.34191,306.5,2,-3,-1,glassy,True
-24.099157,0.63326997,307.0,3,-3,0,rubbery,True
-23.566048,0.61606514,307.5,4,-3,0,rubbery,False
-23.643286,0.53306484,308.0,4,-3,0,rubbery,False
-23.889456,1.4001878,308.5,3,-3,0,rubbery,False
-25.362453,-1.1089026,309.0,2,-3,-1,glassy,True
-23.372305,0.3376116,309.5,4,-3,0,rubbery,True
-24.876146,1.2340336,310.0,3,-3,0,rubbery,False
-25.135714,0.97202396,310.5,3,-3,0,rubbery,False
-24.768621,-0.27389959,311.0,2,-3,-1,glassy,True
-23.289013,0.017700149,311.5,4,-3,0,rubbery,True
-23.508865,0.9303774,312.0,4,-3,0,rubbery,False
-24.496788,1.4380534,312.5,3,-3,0,rubbery,False
-25.076817,0.7082376,313.0,3,-3,0,rubbery,False
-24.102795,1.1184099,313.5,3,-3,0,rubbery,False
-24.190655,1.5463629,314.0,3,-3,0,rubbery,False
-23.790731,1.2134786,314.5,3,-3,0,rubbery,False
-23.855017,1.3546866,315.0,3,-3,0,rubbery,False
-24.63751,1.3620199,315.5,3,-3,0,rubbery,False
-23.83582,1.2161652,316.0,3,-3,0,rubbery,False
-23.581963,1.1307129,316.5,3,-3,0,rubbery,False
-25.002478,0.76794356,317.0,3,-3,0,rubbery,False
-23.519253,-0.5168197,317.5,4,-3,-1,rubbery,False
-24.269325,1.3745393,318.0,3,-3,0,rubbery,False
-24.232954,-1.2085962,318.5,4,-3,-1,rubbery,False
-23.434563,0.40274835,319.0,4,-3,0,rubbery,False
-23.659313,0.33699918,319.5,4,-3,0,rubbery,False
-23.481493,0.868352,320.0,4,-3,0,rubbery,False
-24.45405,1.9674348,320.5,3,-3,0,rubbery,False
-24.044498,1.6417245,321.0,3,-3,0,rubbery,False
-24.70885,0.20304118,321.5,2,-3,0,glassy,True
-25.150745,0.79898375,322.0,3,-3,0,rubbery,True
-24.003159,1.3390582,322.5,3,-3,0,rubbery,False
-24.348984,0.8158908,323.0,3,-3,0,rubbery,False
-23.926151,1.0539876,323.5,3,-3,0,rubbery,False
-24.199951,1.8112644,324.0,3,-3,0,rubbery,False
-24.061152,1.289416,324.5,3,-3,0,rubbery,False
-23.345995,0.9366004,325.0,4,-3,0,rubbery,False
-24.011219,1.3369379,325.5,3,-3,0,rubbery,False
-23.915155,2.3284547,326.0,3,-3,0,rubbery,False
-23.543816,0.70245105,326.5,4,-3,0,rubbery,False
-23.793674,1.038465,327.0,3,-3,0,rubbery,False
-23.22781,0.52185434,327.5,4,-3,0,rubbery,False
-23.483038,0.5465581,328.0,4,-3,0,rubbery,False
-23.96712,1.9377648,328.5,3,-3,0,rubbery,False
-24.197655,1.5636134,329.0,3,-3,0,rubbery,False
-24.01057,1.0190246,329.5,3,-3,0,rubbery,False
-23.700222,0.784017,330.0,4,-3,0,rubbery,False
-24.774885,1.6975433,330.5,3,-3,0,rubbery,False
-24.494534,2.1391335,331.0,3,-3,0,rubbery,False
-24.619068,2.082017,331.5,3,-3,0,rubbery,False
-24.563677,1.8487765,332.0,3,-3,0,rubbery,False
-24.612381,2.3372345,332.5,3,-3,0,rubbery,False
-24.666971,1.9380116,333.0,3,-3,0,rubbery,False
-24.797575,1.6137483,333.5,3,-3,0,rubbery,False
-24.48353,2.0801375,334.0,3,-3,0,rubbery,False
-24.50654,2.203265,334.5,3,-3,0,rubbery,False
-24.580734,1.0927951,335.0,3,-3,0,rubbery,False
-24.449358,1.5819349,335.5,3,-3,0,rubbery,False
-23.93293,1.5192274,336.0,3,-3,0,rubbery,False
-24.705177,1.0175387,336.5,3,-3,0,rubbery,False
-25.014193,1.2499025,337.0,3,-3,0,rubbery,False
-25.238789,0.93810153,337.5,3,-3,0,rubbery,False
-23.925682,1.3260586,338.0,3,-3,0,rubbery,False
-22.49307,2.4504457,338.5,1,-3,0,rubbery,False
-22.56366,2.587171,339.0,1,-3,0,rubbery,False
-22.46363,2.6130826,339.5,1,-3,0,rubbery,False
-22.496267,2.6973608,340.0,1,-3,0,rubbery,False
-22.192825,2.7702956,340.5,1,-3,0,rubbery,False
-22.137714,2.8137105,341.0,1,-3,0,rubbery,False
-22.146217,2.810603,341.5,1,-3,0,rubbery,False
-22.240877,2.9042501,342.0,1,-3,0,rubbery,False
-22.111269,2.880236,342.5,1,-3,0,rubbery,False
-22.34377,2.905374,343.0,1,-3,0,rubbery,False
-22.275206,2.8298316,343.5,1,-3,0,rubbery,False
-22.16834,2.704018,344.0,1,-3,0,rubbery,False
-22.255682,2.7643435,344.5,1,-3,0,rubbery,False
-22.107714,3.0129244,345.0,1,-3,0,rubbery,False
-22.10385,2.7947233,345.5,1,-3,0,rubbery,False
-22.037962,2.8642251,346.0,1,-3,0,rubbery,False
-22.1613,2.9353206,346.5,1,-3,0,rubbery,False
-22.022713,2.963584,347.0,1,-3,0,rubbery,False
-22.366472,2.6742356,347.5,1,-3,0,rubbery,False
-22.261065,2.6957438,348.0,1,-3,0,rubbery,False
-22.275484,2.8670263,348.5,1,-3,0,rubbery,False
-22.145216,2.7815082,349.0,1,-3,0,rubbery,False
-22.084848,2.8237906,349.5,1,-3,0,rubbery,False
-21.756016,3.4400115,350.0,1,-3,0,rubbery,False
-21.664745,3.5279753,350.5,1,-3,0,rubbery,False
-21.485413,3.8735623,351.0,1,-3,0,rubbery,False
-21.520315,3.6148996,351.5,1,-3,0,rubbery,False
-21.575209,3.7348855,352.0,1,-3,0,rubbery,False
-21.487886,3.7372625,352.5,1,-3,0,rubbery,False
-21.55389,3.7007637,353.0,1,-3,0,rubbery,False
-21.649204,3.84637,353.5,1,-3,0,rubbery,False
-21.710215,3.8504622,354.0,1,-3,0,rubbery,False
-21.812288,3.8611834,354.5,1,-3,0,rubbery,False
-21.62405,4.003013,355.0,1,-3,0,rubbery,False
-21.407328,3.7581391,355.5,1,-3,0,rubbery,False
-21.611204,3.6940207,356.0,1,-3,0,rubbery,False
-21.588009,3.8037279,356.5,1,-3,0,rubbery,False
-21.810251,3.4931839,357.0,1,-3,0,rubbery,False
-21.515203,3.801142,357.5,1,-3,0,rubbery,False
-21.498806,4.071174,358.0,1,-3,0,rubbery,False
-21.506811,4.04565,358.5,1,-3,0,rubbery,False
-21.374523,4.010596,359.0,1,-3,0,rubbery,False
-21.433056,3.8773959,359.5,1,-3,0,rubbery,False
-21.509214,3.9596026,360.0,1,-3,0,rubbery,False
-21.578196,3.9930608,360.5,1,-3,0,rubbery,False
-21.424889,3.9139469,361.0,1,-3,0,rubbery,False
-21.52629,3.967924,361.5,1,-3,0,rubbery,False
-21.343515,4.04674,362.0,1,-3,0,rubbery,False
-21.709997,4.076369,362.5,1,-3,0,rubbery,False
-21.746883,4.021646,363.0,1,-3,0,rubbery,False
-21.825659,3.8477843,363.5,1,-3,0,rubbery,False
-21.415037,4.023034,364.0,1,-3,0,rubbery,False
-21.402176,3.8860915,364.5,1,-3,0,rubbery,False
-21.812479,3.9523041,365.0,1,-3,0,rubbery,False
-21.918621,3.9456604,365.5,1,-3,0,rubbery,False
-21.972002,4.0370193,366.0,1,-3,0,rubbery,False
-22.595652,3.4807935,366.5,1,-3,0,rubbery,False
-22.322409,3.4079523,367.0,1,-3,0,rubbery,False
-23.017767,3.382874,367.5,1,-3,0,rubbery,False
-23.044405,3.3506222,368.0,1,-3,0,rubbery,False
-22.853914,3.4464881,368.5,1,-3,0,rubbery,False
-23.008102,3.2369885,369.0,1,-3,0,rubbery,False
-22.867897,3.088617,369.5,1,-3,0,rubbery,False
-23.377169,3.2640512,370.0,1,-3,0,rubbery,False
-23.527153,3.2820954,370.5,1,-3,0,rubbery,False
-23.628208,3.166394,371.0,1,-3,0,rubbery,False
-23.46163,3.2108772,371.5,1,-3,0,rubbery,False
-23.397734,3.334088,372.0,1,-3,0,rubbery,False
-23.322803,3.3280644,372.5,1,-3,0,rubbery,False
-23.515892,3.2733605,373.0,1,-3,0,rubbery,False
-23.631367,3.2878458,373.5,1,-3,0,rubbery,False
-23.414728,3.2244394,374.0,1,-3,0,rubbery,False
-24.031178,3.1078272,374.5,9,-3,0,rubbery,False
-23.46685,3.3284287,375.0,1,-3,0,rubbery,False
-23.623312,3.235536,375.5,1,-3,0,rubbery,False
-24.145802,2.8419464,376.0,9,-3,0,rubbery,False
-24.180593,3.0743566,376.5,9,-3,0,rubbery,False
-24.462152,3.0696106,377.0,9,-3,0,rubbery,False
-24.51642,2.971431,377.5,9,-3,0,rubbery,False
-24.693727,3.1119955,378.0,9,-3,0,rubbery,False
-24.715033,3.2254786,378.5,9,-3,0,rubbery,False
-24.860899,3.1667573,379.0,9,-3,0,rubbery,False
-24.644785,3.3205514,379.5,9,-3,0,rubbery,False
-24.820385,3.286182,380.0,9,-3,0,rubbery,False
-24.697586,3.1347735,380.5,9,-3,0,rubbery,False
-24.632584,2.8345447,381.0,9,-3,0,rubbery,False
-24.576447,3.056217,381.5,9,-3,0,rubbery,False
-24.578184,3.1775703,382.0,9,-3,0,rubbery,False
-24.658335,3.1600575,382.5,9,-3,0,rubbery,False
-24.609215,3.1135948,383.0,9,-3,0,rubbery,False
-24.581516,3.062388,383.5,9,-3,0,rubbery,False
-24.7627,3.2134943,384.0,9,-3,0,rubbery,False
-24.946833,3.2822895,384.5,9,-3,0,rubbery,False
-25.067257,3.3638833,385.0,9,-3,0,rubbery,False
-25.110497,3.3204043,385.5,9,-3,0,rubbery,False
-24.958673,3.396387,386.0,9,-3,0,rubbery,False
-24.919497,3.3538194,386.5,9,-3,0,rubbery,False
-25.145792,3.334836,387.0,9,-3,0,rubbery,False
-24.973763,3.4290197,387.5,9,-3,0,rubbery,False
-25.12281,3.3046532,388.0,9,-3,0,rubbery,False
-25.204817,3.415251,388.5,9,-3,0,rubbery,False
-24.980667,3.4774623,389.0,9,-3,0,rubbery,False
-25.021101,3.4278066,389.5,9,-3,0,rubbery,False
-25.642529,3.2152095,390.0,9,-3,0,rubbery,False
-25.718658,3.1897087,390.5,9,-3,0,rubbery,False
-25.323048,3.2563133,391.0,9,-3,0,rubbery,False
-25.375929,3.3273573,391.5,9,-3,0,rubbery,False
-25.367598,3.3278773,392.0,9,-3,0,rubbery,False
-25.527184,3.3265235,392.5,9,-3,0,rubbery,False
-25.60587,3.1445124,393.0,9,-3,0,rubbery,False
-25.800806,3.0623412,393.5,9,-3,0,rubbery,False
-25.854097,3.1850784,394.0,9,-3,0,rubbery,False
-25.93128,3.1836908,394.5,9,-3,0,rubbery,False
-25.90036,3.0463688,395.0,9,-3,0,rubbery,False
-25.915707,3.1732697,395.5,9,-3,0,rubbery,False
-25.984964,3.1816058,396.0,9,-3,0,rubbery,False
-26.05007,3.1348171,396.5,9,-3,0,rubbery,False
-26.028385,3.1057343,397.0,9,-3,0,rubbery,False
-26.06512,3.0953262,397.5,9,-3,0,rubbery,False
-25.921467,3.2378225,398.0,9,-3,0,rubbery,False
-26.100819,3.0194921,398.5,9,-3,0,rubbery,False
-26.028826,3.1560035,399.0,9,-3,0,rubbery,False
-26.082169,3.1015515,399.5,9,-3,0,rubbery,False
-27.521729,0.6277349,400.0,6,-3,0,rubbery,False
-27.56939,0.56933695,400.5,6,-3,0,rubbery,False
-27.548532,0.61336017,401.0,6,-3,0,rubbery,False
-27.697777,0.47503516,401.5,6,-3,0,rubbery,False
-27.604506,0.46948674,402.0,6,-3,0,rubbery,False
-27.6077,0.5347719,402.5,6,-3,0,rubbery,False
-27.730667,0.5553846,403.0,6,-3,0,rubbery,False
-27.606136,0.53121394,403.5,6,-3,0,rubbery,False
-27.664564,0.512477,404.0,6,-3,0,rubbery,False
-27.667465,0.45504406,404.5,6,-3,0,rubbery,False
-27.678444,0.4587331,405.0,6,-3,0,rubbery,False
-27.719843,0.4098734,405.5,6,-3,0,rubbery,False
-27.69148,0.4956084,406.0,6,-3,0,rubbery,False
-27.717606,0.4182773,406.5,6,-3,0,rubbery,False
-27.736435,0.39291793,407.0,6,-3,0,rubbery,False
-27.650057,0.4702953,407.5,6,-3,0,rubbery,False
-27.62161,0.43051952,408.0,6,-3,0,rubbery,False
-27.74475,0.38183072,408.5,6,-3,0,rubbery,False
-27.692528,0.4473692,409.0,6,-3,0,rubbery,False
-27.724745,0.41199026,409.5,6,-3,0,rubbery,False
5.496259,8.312566,410.0,7,0,0,rubbery,False
5.5966263,8.35733,410.5,7,0,0,rubbery,False
5.585712,8.185155,411.0,7,0,0,rubbery,False
5.4826097,8.272605,411.5,7,0,0,rubbery,False
5.467017,8.313402,412.0,7,0,0,rubbery,False
5.48776,8.338966,412.5,7,0,0,rubbery,False
5.5661826,8.217562,413.0,7,0,0,rubbery,False
5.422953,8.202689,413.5,7,0,0,rubbery,False
5.521762,8.231233,414.0,7,0,0,rubbery,False
5.4383917,8.296099,414.5,7,0,0,rubbery,False
5.590116,8.415746,415.0,7,0,0,rubbery,False
5.6441793,8.239557,415.5,7,0,0,rubbery,False
5.675549,8.134286,416.0,7,0,0,rubbery,False
5.743062,8.044669,416.5,7,0,0,rubbery,False
5.414043,8.207325,417.0,7,0,0,rubbery,False
5.6836567,8.083683,417.5,7,0,0,rubbery,False
5.5007076,8.264608,418.0,7,0,0,rubbery,False
5.4766197,8.356514,418.5,7,0,0,rubbery,False
5.4707613,8.264186,419.0,7,0,0,rubbery,False
5.4536743,8.301995,419.5,7,0,0,rubbery,False
5.829445,7.9470363,420.0,7,0,0,rubbery,False
6.0070324,7.8284554,420.5,7,0,0,rubbery,False
5.949958,7.8381715,421.0,7,0,0,rubbery,False
5.935071,7.870322,421.5,7,0,0,rubbery,False
5.9233594,7.866735,422.0,7,0,0,rubbery,False
6.050989,7.761488,422.5,7,0,0,rubbery,False
6.1346035,7.7508626,423.0,7,0,0,rubbery,False
6.1154256,7.721796,423.5,7,0,0,rubbery,False
6.0932746,7.739759,424.0,7,0,0,rubbery,False
6.0936074,7.7252274,424.5,7,0,0,rubbery,False
6.1448045,7.708021,425.0,7,0,0,rubbery,False
6.2121754,7.6108747,425.5,7,0,0,rubbery,False
6.190957,7.6159816,426.0,7,0,0,rubbery,False
6.1532793,7.5901685,426.5,7,0,0,rubbery,False
6.2281084,7.660577,427.0,7,0,0,rubbery,False
6.278177,7.5860667,427.5,7,0,0,rubbery,False
6.2291837,7.659628,428.0,7,0,0,rubbery,False
6.260292,7.7188144,428.5,7,0,0,rubbery,False
6.0881653,7.7619834,429.0,7,0,0,rubbery,False
6.29367,7.645741,429.5,7,0,0,rubbery,False
-2.475604,8.664935,430.0,8,-1,0,rubbery,False
-2.4723175,8.708552,430.5,8,-1,0,rubbery,False
-2.4777465,8.733457,431.0,8,-1,0,rubbery,False
-2.5674307,8.624162,431.5,8,-1,0,rubbery,False
-2.6089752,8.578815,432.0,8,-1,0,rubbery,False
-2.525837,8.644091,432.5,8,-1,0,rubbery,False
-2.5568538,8.6446495,433.0,8,-1,0,rubbery,False
-2.5294442,8.647917,433.5,8,-1,0,rubbery,False
-2.6197796,8.670401,434.0,8,-1,0,rubbery,False
-2.5317206,8.617598,434.5,8,-1,0,rubbery,False
-2.5294561,8.638738,435.0,8,-1,0,rubbery,False
-2.6022866,8.589204,435.5,8,-1,0,rubbery,False
-2.5941405,8.596528,436.0,8,-1,0,rubbery,False
-2.7091525,8.452131,436.5,8,-1,0,rubbery,False
-2.6503093,8.53969,437.0,8,-1,0,rubbery,False
-2.792345,8.341025,437.5,8,-1,0,rubbery,False
-2.7617605,8.37434,438.0,8,-1,0,rubbery,False
-2.8219054,8.301047,438.5,8,-1,0,rubbery,False
-2.8513978,8.286261,439.0,8,-1,0,rubbery,False
-2.754352,8.401286,439.5,8,-1,0,rubbery,False
-2.9398003,8.097346,440.0,8,-1,0,rubbery,False
-2.9667327,8.084024,440.5,8,-1,0,rubbery,False
-3.0110536,8.0184355,441.0,8,-1,0,rubbery,False
-3.071945,7.902407,441.5,8,-1,0,rubbery,False
-2.9999988,8.018951,442.0,8,-1,0,rubbery,False
-2.9599588,8.047159,442.5,8,-1,0,rubbery,False
-3.1417677,7.782166,443.0,8,-1,0,rubbery,False
-3.1755784,7.7150445,443.5,8,-1,0,rubbery,False
-3.1551418,7.7289667,444.0,8,-1,0,rubbery,False
-3.2041616,7.6702814,444.5,8,-1,0,rubbery,False
-3.1777174,7.707195,445.0,8,-1,0,rubbery,False
-3.229438,7.631992,445.5,8,-1,0,rubbery,False
-3.2501402,7.6092463,446.0,8,-1,0,rubbery,False
-3.2309995,7.626292,446.5,8,-1,0,rubbery,False
-3.278202,7.5774093,447.0,8,-1,0,rubbery,False
-3.3092217,7.530055,447.5,8,-1,0,rubbery,False
-3.3128967,7.526833,448.0,8,-1,0,rubbery,False
-3.3052921,7.525151,448.5,8,-1,0,rubbery,False
-3.3303826,7.502886,449.0,8,-1,0,rubbery,False
-3.3368752,7.492032,449.5,8,-1,0,rubbery,False
-3.9322305,6.5827103,450.0,5,-1,0,rubbery,False
-4.0571814,6.413397,450.5,5,-1,0,rubbery,False
-4.0750227,6.392235,451.0,5,-1,0,rubbery,False
-3.9769952,6.502363,451.5,5,-1,0,rubbery,False
-4.028041,6.442986,452.0,5,-1,0,rubbery,False
-4.0595202,6.408478,452.5,5,-1,0,rubbery,False
-4.103982,6.315666,453.0,5,-1,0,rubbery,False
-4.013817,6.4510007,453.5,5,-1,0,rubbery,False
-4.0792265,6.379336,454.0,5,-1,0,rubbery,False
-4.0505958,6.391722,454.5,5,-1,0,rubbery,False
-4.073504,6.374357,455.0,5,-1,0,rubbery,False
-4.0291324,6.4333396,455.5,5,-1,0,rubbery,False
-4.2673674,6.166103,456.0,5,-1,0,rubbery,False
-4.152839,6.1988926,456.5,5,-1,0,rubbery,False
-4.1867547,6.214183,457.0,5,-1,0,rubbery,False
-4.150069,6.326811,457.5,5,-1,0,rubbery,False
-4.259013,6.157493,458.0,5,-1,0,rubbery,False
-4.1777253,6.3092175,458.5,5,-1,0,rubbery,False
-4.169484,6.255316,459.0,5,-1,0,rubbery,False
-4.204129,6.165351,459.5,5,-1,0,rubbery,False
-4.5939994,5.439253,460.0,5,-1,0,rubbery,False
-4.6375117,5.2974024,460.5,5,-1,0,rubbery,False
-4.6271,5.3629465,461.0,5,-1,0,rubbery,False
-4.71499,5.185779,461.5,5,-1,0,rubbery,False
-4.71964,5.143168,462.0,5,-1,0,rubbery,False
-4.742374,5.118286,462.5,5,-1,0,rubbery,False
-4.8405414,5.2099185,463.0,5,-1,0,rubbery,False
-4.7312865,5.1887794,463.5,5,-1,0,rubbery,False
-4.798285,5.0795956,464.0,5,-1,0,rubbery,False
-4.766056,5.049542,464.5,5,-1,0,rubbery,False
-4.8375635,5.11598,465.0,5,-1,0,rubbery,False
-4.8482857,5.143201,465.5,5,-1,0,rubbery,False
-4.724561,5.0750318,466.0,5,-1,0,rubbery,False
-4.8279967,5.03908,466.5,5,-1,0,rubbery,False
-4.9242444,4.935006,467.0,5,-1,0,rubbery,False
-4.769315,5.03623,467.5,5,-1,0,rubbery,False
-4.907749,4.9515615,468.0,5,-1,0,rubbery,False
-4.872131,4.9869914,468.5,5,-1,0,rubbery,False
-4.7664266,5.0738773,469.0,5,-1,0,rubbery,False
-4.9178486,4.9469957,469.5,5,-1,0,rubbery,False
-14.603437,0.7970125,470.0,0,-2,0,rubbery,False
-14.593531,0.80378246,470.5,0,-2,0,rubbery,False
-14.562184,0.8586354,471.0,0,-2,0,rubbery,False
-14.636341,0.7945905,471.5,0,-2,0,rubbery,False
-14.567208,0.85291904,472.0,0,-2,0,rubbery,False
-14.601096,0.83589464,472.5,0,-2,0,rubbery,False
-14.596359,0.83726025,473.0,0,-2,0,rubbery,False
-14.678785,0.7649573,473.5,0,-2,0,rubbery,False
-14.749261,0.7470239,474.0,0,-2,0,rubbery,False
-14.685166,0.72384304,474.5,0,-2,0,rubbery,False
-14.547931,0.8782948,475.0,0,-2,0,rubbery,False
-14.752722,0.7425338,475.5,0,-2,0,rubbery,False
-14.843361,0.64888066,476.0,0,-2,0,rubbery,False
-14.816126,0.69680995,476.5,0,-2,0,rubbery,False
-14.855954,0.65379417,477.0,0,-2,0,rubbery,False
-14.833336,0.678426,477.5,0,-2,0,rubbery,False
-15.166499,0.5014845,478.0,0,-2,0,rubbery,False
-15.132416,0.5136367,478.5,0,-2,0,rubbery,False
-15.214135,0.46497697,479.0,0,-2,0,rubbery,False
-15.289026,0.42003334,479.5,0,-2,0,rubbery,False
-15.577114,0.27331483,480.0,0,-2,0,rubbery,False
-15.689458,0.20935364,480.5,0,-2,0,rubbery,False
-15.653079,0.21565583,481.0,0,-2,0,rubbery,False
-15.674938,0.2039696,481.5,0,-2,0,rubbery,False
-15.700803,0.18899278,482.0,0,-2,0,rubbery,False
-15.798952,0.13218576,482.5,0,-2,0,rubbery,False
-15.99235,0.014102038,483.0,0,-2,0,rubbery,False
-16.097822,-0.07064679,483.5,0,-2,-1,rubbery,False
-15.947662,0.034997918,484.0,0,-2,0,rubbery,False
-15.910628,0.061756205,484.5,0,-2,0,rubbery,False
-15.903272,0.06523636,485.0,0,-2,0,rubbery,False
-16.039013,-0.029678995,485.5,0,-2,-1,rubbery,False
-16.014183,-0.004057334,486.0,0,-2,-1,rubbery,False
-16.295073,-0.15951292,486.5,0,-2,-1,rubbery,False
-16.395382,-0.19744983,487.0,0,-2,-1,rubbery,False
-16.191175,-0.078066565,487.5,0,-2,-1,rubbery,False
-16.481829,-0.27869323,488.0,0,-2,-1,rubbery,False
-16.377514,-0.2447527,488.5,0,-2,-1,rubbery,False
-16.499325,-0.30715206,489.0,0,-2,-1,rubbery,False
-16.365105,-0.19919871,489.5,0,-2,-1,rubbery,False
-16.993332,-0.46596566,490.0,0,-2,-1,rubbery,False
-16.985825,-0.45682418,490.5,0,-2,-1,rubbery,False
-16.971785,-0.4168445,491.0,0,-2,-1,rubbery,False
-16.937054,-0.41701216,491.5,0,-2,-1,rubbery,False
-16.986742,-0.45608544,492.0,0,-2,-1,rubbery,False
-16.921322,-0.33605298,492.5,0,-2,-1,rubbery,False
-16.95672,-0.4357525,493.0,0,-2,-1,rubbery,False
-17.039825,-0.4244139,493.5,0,-2,-1,rubbery,False
-17.039549,-0.3762751,494.0,0,-2,-1,rubbery,False
-16.96783,-0.45048124,494.5,0,-2,-1,rubbery,False
-17.086737,-0.5270176,495.0,0,-2,-1,rubbery,False
-16.898994,-0.5148717,495.5,0,-2,-1,rubbery,False
-16.926668,-0.39687845,496.0,0,-2,-1,rubbery,False
-17.017548,-0.4459643,496.5,0,-2,-1,rubbery,False
-16.78498,-0.32789826,497.0,0,-2,-1,rubbery,False
-16.817154,-0.42169097,497.5,0,-2,-1,rubbery,False
-16.764639,-0.379361,498.0,0,-2,-1,rubbery,False
-16.776442,-0.43488902,498.5,0,-2,-1,rubbery,False
-16.63592,-0.37020466,499.0,0,-2,-1,rubbery,False
-16.867111,-0.3905379,499.5,0,-2,-1,rubbery,False
-21.274185,4.273601,500.0,1,-3,0,rubbery,False
