UMAP1,UMAP2,temp,Cluster,Grid_X,Grid_Y,State,Cluster_Change
25.679092,-44.11185,200.0,2,2,-5,glassy,False
25.73057,-44.074097,200.5,2,2,-5,glassy,False
25.626068,-44.228714,201.0,2,2,-5,glassy,False
25.907656,-44.089638,201.5,2,2,-5,glassy,False
25.496077,-44.28267,202.0,2,2,-5,glassy,False
25.566408,-44.148426,202.5,2,2,-5,glassy,False
25.694792,-44.07993,203.0,2,2,-5,glassy,False
25.72361,-44.16011,203.5,2,2,-5,glassy,False
25.588764,-44.13277,204.0,2,2,-5,glassy,False
26.163267,-44.484352,204.5,2,2,-5,glassy,False
26.821917,-44.332893,205.0,2,2,-5,glassy,False
26.473959,-44.30407,205.5,2,2,-5,glassy,False
26.335957,-44.43686,206.0,2,2,-5,glassy,False
26.593943,-44.42317,206.5,2,2,-5,glassy,False
26.149775,-44.356636,207.0,2,2,-5,glassy,False
26.615555,-44.465675,207.5,2,2,-5,glassy,False
25.623987,-44.122696,208.0,2,2,-5,glassy,False
26.870687,-44.352,208.5,2,2,-5,glassy,False
27.239298,-44.751858,209.0,2,2,-5,glassy,False
26.382385,-44.53703,209.5,2,2,-5,glassy,False
26.701723,-44.213455,210.0,2,2,-5,glassy,False
27.171206,-44.69792,210.5,2,2,-5,glassy,False
26.28903,-44.50527,211.0,2,2,-5,glassy,False
26.392948,-44.287834,211.5,2,2,-5,glassy,False
25.969408,-44.04349,212.0,2,2,-5,glassy,False
26.61814,-44.237854,212.5,2,2,-5,glassy,False
26.347841,-44.062447,213.0,2,2,-5,glassy,False
26.50382,-44.33038,213.5,2,2,-5,glassy,False
26.820772,-44.090126,214.0,2,2,-5,glassy,False
26.206696,-44.17826,214.5,2,2,-5,glassy,False
25.968073,-43.95563,215.0,2,2,-5,glassy,False
26.692455,-44.094345,215.5,2,2,-5,glassy,False
26.987896,-44.757923,216.0,2,2,-5,glassy,False
26.68011,-44.088676,216.5,2,2,-5,glassy,False
26.837238,-44.1862,217.0,2,2,-5,glassy,False
27.28816,-45.051685,217.5,2,2,-5,glassy,False
26.361473,-44.075985,218.0,2,2,-5,glassy,False
26.086868,-43.92721,218.5,2,2,-5,glassy,False
26.188202,-43.900806,219.0,2,2,-5,glassy,False
26.957884,-44.318153,219.5,2,2,-5,glassy,False
25.851389,-43.90885,220.0,2,2,-5,glassy,False
26.718517,-44.212646,220.5,2,2,-5,glassy,False
26.845959,-44.595737,221.0,2,2,-5,glassy,False
25.93509,-43.887604,221.5,2,2,-5,glassy,False
26.877739,-44.331585,222.0,2,2,-5,glassy,False
26.35498,-44.281033,222.5,2,2,-5,glassy,False
26.311785,-44.069374,223.0,2,2,-5,glassy,False
25.979042,-44.64619,223.5,2,2,-5,glassy,False
26.181297,-45.44065,224.0,2,2,-5,glassy,False
26.370907,-44.74374,224.5,2,2,-5,glassy,False
25.619713,-44.599915,225.0,2,2,-5,glassy,False
25.911953,-45.118946,225.5,2,2,-5,glassy,False
26.084988,-45.590023,226.0,2,2,-5,glassy,False
25.960463,-45.6749,226.5,2,2,-5,glassy,False
25.82306,-45.064476,227.0,2,2,-5,glassy,False
26.398956,-45.611526,227.5,2,2,-5,glassy,False
26.96486,-45.26074,228.0,2,2,-5,glassy,False
26.031778,-45.344784,228.5,2,2,-5,glassy,False
25.780386,-45.296143,229.0,2,2,-5,glassy,False
25.47682,-45.152554,229.5,2,2,-5,glassy,False
26.65484,-44.841408,230.0,2,2,-5,glassy,False
26.460583,-45.015594,230.5,2,2,-5,glassy,False
25.577362,-44.97053,231.0,2,2,-5,glassy,False
25.53706,-44.344406,231.5,2,2,-5,glassy,False
26.786928,-45.323242,232.0,2,2,-5,glassy,False
26.891237,-44.537006,232.5,2,2,-5,glassy,False
26.583908,-44.851376,233.0,2,2,-5,glassy,False
25.542158,-45.34769,233.5,2,2,-5,glassy,False
26.334908,-46.23232,234.0,0,2,-5,rubbery,True
25.536966,-45.586563,234.5,2,2,-5,glassy,True
25.82074,-45.42852,235.0,2,2,-5,glassy,False
25.970615,-45.81758,235.5,2,2,-5,glassy,False
26.342,-45.562855,236.0,2,2,-5,glassy,False
26.253561,-46.13744,236.5,0,2,-5,rubbery,True
26.14584,-45.867832,237.0,2,2,-5,glassy,True
26.040628,-45.696236,237.5,2,2,-5,glassy,False
25.811165,-44.64141,238.0,2,2,-5,glassy,False
26.238298,-45.0718,238.5,2,2,-5,glassy,False
25.505796,-45.23192,239.0,2,2,-5,glassy,False
27.058895,-44.924847,239.5,2,2,-5,glassy,False
26.726517,-45.27844,240.0,2,2,-5,glassy,False
25.504805,-44.832375,240.5,2,2,-5,glassy,False
26.391808,-45.74926,241.0,2,2,-5,glassy,False
25.678703,-44.5933,241.5,2,2,-5,glassy,False
26.11338,-45.16171,242.0,2,2,-5,glassy,False
26.365759,-45.068295,242.5,2,2,-5,glassy,False
25.99496,-45.28396,243.0,2,2,-5,glassy,False
26.436342,-45.10137,243.5,2,2,-5,glassy,False
26.584003,-45.839817,244.0,0,2,-5,rubbery,True
26.332506,-45.998928,244.5,0,2,-5,rubbery,False
25.898447,-45.768417,245.0,2,2,-5,glassy,True
25.696835,-44.934277,245.5,2,2,-5,glassy,False
25.490778,-45.4969,246.0,2,2,-5,glassy,False
27.152536,-44.87528,246.5,2,2,-5,glassy,False
26.257147,-45.235798,247.0,2,2,-5,glassy,False
25.596315,-45.156185,247.5,2,2,-5,glassy,False
26.862982,-44.690617,248.0,2,2,-5,glassy,False
25.399733,-45.307922,248.5,2,2,-5,glassy,False
26.436577,-44.774166,249.0,2,2,-5,glassy,False
26.018827,-45.05468,249.5,2,2,-5,glassy,False
26.809643,-45.788494,250.0,0,2,-5,rubbery,True
25.366423,-44.98984,250.5,2,2,-5,glassy,True
26.831264,-46.20913,251.0,0,2,-5,rubbery,True
27.221148,-45.239918,251.5,2,2,-5,glassy,True
26.872732,-44.960594,252.0,2,2,-5,glassy,False
26.395458,-45.98543,252.5,0,2,-5,rubbery,True
26.32151,-45.076313,253.0,2,2,-5,glassy,True
25.975094,-44.8809,253.5,2,2,-5,glassy,False
25.383438,-45.4277,254.0,2,2,-5,glassy,False
26.680485,-45.223946,254.5,2,2,-5,glassy,False
26.058762,-44.58702,255.0,2,2,-5,glassy,False
25.84272,-45.329483,255.5,2,2,-5,glassy,False
26.79575,-45.3003,256.0,2,2,-5,glassy,False
25.622717,-45.249725,256.5,2,2,-5,glassy,False
25.937874,-45.78229,257.0,2,2,-5,glassy,False
27.05619,-45.80139,257.5,0,2,-5,rubbery,True
25.304363,-44.86053,258.0,2,2,-5,glassy,True
25.814627,-45.809418,258.5,2,2,-5,glassy,False
26.96336,-46.1168,259.0,0,2,-5,rubbery,True
26.312527,-44.562855,259.5,2,2,-5,glassy,True
27.107103,-45.777836,260.0,0,2,-5,rubbery,True
26.102432,-44.657593,260.5,2,2,-5,glassy,True
25.660337,-45.697548,261.0,2,2,-5,glassy,False
26.43917,-44.433987,261.5,2,2,-5,glassy,False
25.351168,-44.572525,262.0,2,2,-5,glassy,False
25.289019,-44.42332,262.5,2,2,-5,glassy,False
25.258324,-44.62215,263.0,2,2,-5,glassy,False
25.275562,-44.39803,263.5,2,2,-5,glassy,False
26.742128,-45.400826,264.0,2,2,-5,glassy,False
26.186893,-45.4948,264.5,2,2,-5,glassy,False
25.98466,-46.170086,265.0,0,2,-5,rubbery,True
26.260338,-44.084522,265.5,2,2,-5,glassy,True
25.255676,-44.71808,266.0,2,2,-5,glassy,False
26.084412,-45.381287,266.5,2,2,-5,glassy,False
26.52896,-45.174294,267.0,2,2,-5,glassy,False
25.749954,-45.87814,267.5,2,2,-5,glassy,False
25.757954,-45.555412,268.0,2,2,-5,glassy,False
26.682333,-45.294075,268.5,2,2,-5,glassy,False
26.913435,-45.08813,269.0,2,2,-5,glassy,False
26.353386,-45.684093,269.5,2,2,-5,glassy,False
26.73756,-44.83402,270.0,2,2,-5,glassy,False
26.98512,-45.518723,270.5,0,2,-5,rubbery,True
26.201662,-44.774197,271.0,2,2,-5,glassy,True
25.542038,-45.46208,271.5,2,2,-5,glassy,False
25.680336,-45.809494,272.0,2,2,-5,glassy,False
26.499966,-45.075016,272.5,2,2,-5,glassy,False
25.931067,-45.075005,273.0,2,2,-5,glassy,False
25.714897,-45.83702,273.5,2,2,-5,glassy,False
25.196054,-45.20973,274.0,2,2,-5,glassy,False
25.84393,-46.033554,274.5,0,2,-5,rubbery,True
26.644873,-45.671227,275.0,0,2,-5,rubbery,False
25.32459,-44.968388,275.5,2,2,-5,glassy,True
25.7676,-45.119328,276.0,2,2,-5,glassy,False
26.300318,-44.743202,276.5,2,2,-5,glassy,False
25.420073,-44.875828,277.0,2,2,-5,glassy,False
26.659033,-44.575703,277.5,2,2,-5,glassy,False
26.600853,-46.49003,278.0,0,2,-5,rubbery,True
26.223797,-44.78088,278.5,2,2,-5,glassy,True
26.067545,-45.092663,279.0,2,2,-5,glassy,False
26.292933,-45.02738,279.5,2,2,-5,glassy,False
25.309116,-45.570442,280.0,2,2,-5,glassy,False
26.044039,-44.888123,280.5,2,2,-5,glassy,False
26.849539,-44.64003,281.0,2,2,-5,glassy,False
26.232937,-44.85424,281.5,2,2,-5,glassy,False
26.539328,-45.149757,282.0,2,2,-5,glassy,False
26.276535,-45.38941,282.5,2,2,-5,glassy,False
25.284407,-45.42498,283.0,2,2,-5,glassy,False
25.360601,-44.846565,283.5,2,2,-5,glassy,False
26.166014,-44.870647,284.0,2,2,-5,glassy,False
25.646862,-44.637016,284.5,2,2,-5,glassy,False
26.388792,-45.82767,285.0,2,2,-5,glassy,False
26.743568,-45.91658,285.5,0,2,-5,rubbery,True
25.6707,-45.726597,286.0,2,2,-5,glassy,True
26.111168,-45.92502,286.5,2,2,-5,glassy,False
25.293243,-45.292023,287.0,2,2,-5,glassy,False
27.009838,-44.537148,287.5,2,2,-5,glassy,False
26.225618,-45.49275,288.0,2,2,-5,glassy,False
26.039112,-45.35076,288.5,2,2,-5,glassy,False
25.644693,-44.90062,289.0,2,2,-5,glassy,False
25.574959,-45.64852,289.5,2,2,-5,glassy,False
26.32885,-46.55587,290.0,0,2,-5,rubbery,True
25.910723,-46.35579,290.5,0,2,-5,rubbery,False
26.266367,-46.764202,291.0,0,2,-5,rubbery,False
26.076353,-46.406376,291.5,0,2,-5,rubbery,False
26.09167,-46.38323,292.0,0,2,-5,rubbery,False
25.988222,-46.170174,292.5,0,2,-5,rubbery,False
26.166134,-46.431824,293.0,0,2,-5,rubbery,False
26.265453,-46.797596,293.5,0,2,-5,rubbery,False
26.620174,-44.99519,294.0,2,2,-5,glassy,True
26.026196,-46.67823,294.5,0,2,-5,rubbery,True
26.229362,-46.437397,295.0,0,2,-5,rubbery,False
26.57633,-46.235283,295.5,0,2,-5,rubbery,False
26.469376,-46.639626,296.0,0,2,-5,rubbery,False
25.716702,-46.24521,296.5,0,2,-5,rubbery,False
26.149652,-46.53747,297.0,0,2,-5,rubbery,False
26.507996,-46.305393,297.5,0,2,-5,rubbery,False
26.917204,-47.758915,298.0,0,2,-5,rubbery,False
26.764488,-47.98977,298.5,0,2,-5,rubbery,False
26.623117,-47.900898,299.0,0,2,-5,rubbery,False
27.02552,-47.89464,299.5,0,2,-5,rubbery,False
26.742767,-48.007343,300.0,0,2,-5,rubbery,False
27.010859,-47.817905,300.5,0,2,-5,rubbery,False
26.920076,-48.040024,301.0,0,2,-5,rubbery,False
26.337437,-46.983887,301.5,0,2,-5,rubbery,False
27.180706,-47.628086,302.0,0,2,-5,rubbery,False
26.194328,-46.89648,302.5,0,2,-5,rubbery,False
26.039368,-46.79498,303.0,0,2,-5,rubbery,False
26.662468,-47.71973,303.5,0,2,-5,rubbery,False
26.597103,-47.46687,304.0,0,2,-5,rubbery,False
26.859348,-48.092857,304.5,0,2,-5,rubbery,False
26.777014,-47.782276,305.0,0,2,-5,rubbery,False
26.624739,-47.313267,305.5,0,2,-5,rubbery,False
27.059418,-47.026443,306.0,0,2,-5,rubbery,False
26.815666,-48.05062,306.5,0,2,-5,rubbery,False
26.728783,-48.20589,307.0,0,2,-5,rubbery,False
26.091604,-46.622314,307.5,0,2,-5,rubbery,False
26.823069,-47.786743,308.0,0,2,-5,rubbery,False
27.01897,-47.761242,308.5,0,2,-5,rubbery,False
26.893112,-47.023384,309.0,0,2,-5,rubbery,False
26.896832,-47.10814,309.5,0,2,-5,rubbery,False
26.834314,-46.742,310.0,0,2,-5,rubbery,False
26.830875,-47.807846,310.5,0,2,-5,rubbery,False
27.152834,-47.532528,311.0,0,2,-5,rubbery,False
26.47189,-47.00288,311.5,0,2,-5,rubbery,False
26.858759,-47.882656,312.0,0,2,-5,rubbery,False
26.186012,-47.053524,312.5,0,2,-5,rubbery,False
26.485758,-46.00908,313.0,0,2,-5,rubbery,False
26.41567,-47.045837,313.5,0,2,-5,rubbery,False
27.263708,-47.739567,314.0,0,2,-5,rubbery,False
26.689125,-48.09419,314.5,0,2,-5,rubbery,False
26.976522,-47.962666,315.0,0,2,-5,rubbery,False
27.024286,-47.53666,315.5,0,2,-5,rubbery,False
26.701164,-47.662323,316.0,0,2,-5,rubbery,False
26.498175,-48.000698,316.5,0,2,-5,rubbery,False
26.700747,-45.79985,317.0,0,2,-5,rubbery,False
27.137993,-47.301746,317.5,0,2,-5,rubbery,False
27.040482,-47.53911,318.0,0,2,-5,rubbery,False
26.510345,-47.140232,318.5,0,2,-5,rubbery,False
26.713497,-46.71322,319.0,0,2,-5,rubbery,False
26.413832,-46.921036,319.5,0,2,-5,rubbery,False
26.731821,-45.850723,320.0,0,2,-5,rubbery,False
26.909689,-45.65612,320.5,0,2,-5,rubbery,False
26.788664,-46.039967,321.0,0,2,-5,rubbery,False
26.642538,-47.22684,321.5,0,2,-5,rubbery,False
26.581806,-46.709824,322.0,0,2,-5,rubbery,False
26.962732,-47.93762,322.5,0,2,-5,rubbery,False
27.134315,-47.75621,323.0,0,2,-5,rubbery,False
26.883167,-48.055447,323.5,0,2,-5,rubbery,False
26.997831,-47.642616,324.0,0,2,-5,rubbery,False
26.907104,-48.151596,324.5,0,2,-5,rubbery,False
27.031427,-47.910606,325.0,0,2,-5,rubbery,False
26.509415,-48.244015,325.5,0,2,-5,rubbery,False
26.619709,-48.063507,326.0,0,2,-5,rubbery,False
26.753971,-48.14296,326.5,0,2,-5,rubbery,False
26.67982,-46.665764,327.0,0,2,-5,rubbery,False
26.181305,-47.01859,327.5,0,2,-5,rubbery,False
26.26069,-46.967987,328.0,0,2,-5,rubbery,False
26.957745,-47.887714,328.5,0,2,-5,rubbery,False
26.473768,-46.802113,329.0,0,2,-5,rubbery,False
26.449602,-47.14133,329.5,0,2,-5,rubbery,False
27.714443,-46.832737,330.0,0,2,-5,rubbery,False
27.647573,-46.21913,330.5,0,2,-5,rubbery,False
27.55134,-45.53189,331.0,2,2,-5,glassy,True
27.629383,-45.799732,331.5,0,2,-5,rubbery,True
27.593014,-46.1429,332.0,0,2,-5,rubbery,False
27.533184,-46.046417,332.5,0,2,-5,rubbery,False
27.70094,-46.83017,333.0,0,2,-5,rubbery,False
27.530964,-46.212963,333.5,0,2,-5,rubbery,False
25.226908,-45.63535,334.0,2,2,-5,glassy,True
27.40707,-45.441128,334.5,2,2,-5,glassy,False
27.440716,-46.190838,335.0,0,2,-5,rubbery,True
27.63851,-46.579754,335.5,0,2,-5,rubbery,False
27.74506,-47.051865,336.0,0,2,-5,rubbery,False
27.626505,-47.038937,336.5,0,2,-5,rubbery,False
27.792356,-46.27726,337.0,0,2,-5,rubbery,False
27.592514,-46.551826,337.5,0,2,-5,rubbery,False
27.407299,-47.241074,338.0,0,2,-5,rubbery,False
27.653938,-47.0799,338.5,0,2,-5,rubbery,False
27.49681,-45.990814,339.0,0,2,-5,rubbery,False
27.645039,-46.722065,339.5,0,2,-5,rubbery,False
27.803411,-47.013725,340.0,0,2,-5,rubbery,False
27.76051,-47.0722,340.5,0,2,-5,rubbery,False
27.437979,-47.041218,341.0,0,2,-5,rubbery,False
27.744097,-46.966488,341.5,0,2,-5,rubbery,False
27.57795,-46.94873,342.0,0,2,-5,rubbery,False
27.632778,-47.12108,342.5,0,2,-5,rubbery,False
27.333107,-45.426105,343.0,2,2,-5,glassy,True
27.380037,-46.538265,343.5,0,2,-5,rubbery,True
27.598999,-47.337856,344.0,0,2,-5,rubbery,False
27.589571,-46.66608,344.5,0,2,-5,rubbery,False
27.59301,-46.61628,345.0,0,2,-5,rubbery,False
27.860165,-46.96321,345.5,0,2,-5,rubbery,False
27.585709,-46.015438,346.0,0,2,-5,rubbery,False
27.062984,-44.740116,346.5,2,2,-5,glassy,True
27.703514,-46.83968,347.0,0,2,-5,rubbery,True
27.462435,-46.392162,347.5,0,2,-5,rubbery,False
27.712778,-46.556377,348.0,0,2,-5,rubbery,False
27.06203,-46.69405,348.5,0,2,-5,rubbery,False
27.36964,-47.44406,349.0,0,2,-5,rubbery,False
27.2225,-46.574123,349.5,0,2,-5,rubbery,False
1.651623,1.6684119,350.0,4,0,0,rubbery,False
1.6226213,1.6763272,350.5,4,0,0,rubbery,False
1.6575481,1.6435596,351.0,4,0,0,rubbery,False
1.6206149,1.6728562,351.5,4,0,0,rubbery,False
1.6930534,1.6084695,352.0,4,0,0,rubbery,False
1.6801236,1.6176093,352.5,4,0,0,rubbery,False
1.5368934,1.768448,353.0,4,0,0,rubbery,False
1.5735785,1.7145855,353.5,4,0,0,rubbery,False
1.6263223,1.6642793,354.0,4,0,0,rubbery,False
1.70052,1.5889966,354.5,4,0,0,rubbery,False
1.6597493,1.6367233,355.0,4,0,0,rubbery,False
1.6294647,1.6595527,355.5,4,0,0,rubbery,False
1.5652975,1.7278066,356.0,4,0,0,rubbery,False
25.08891,-45.66312,356.5,2,2,-5,glassy,True
25.119844,-45.634796,357.0,2,2,-5,glassy,False
27.470089,-46.734352,357.5,0,2,-5,rubbery,True
25.02007,-45.49672,358.0,2,2,-5,glassy,True
1.3176427,2.002087,358.5,4,0,0,rubbery,True
1.573923,1.7223859,359.0,4,0,0,rubbery,False
1.4456878,1.8747369,359.5,4,0,0,rubbery,False
0.9953582,2.4716287,360.0,4,0,0,rubbery,False
0.9771329,2.555463,360.5,4,0,0,rubbery,False
0.96094745,2.521326,361.0,4,0,0,rubbery,False
0.98354894,2.4276338,361.5,4,0,0,rubbery,False
0.9394204,2.4854035,362.0,4,0,0,rubbery,False
1.0372534,2.4093091,362.5,4,0,0,rubbery,False
0.8833401,2.4524028,363.0,4,0,0,rubbery,False
0.8566766,2.6838255,363.5,4,0,0,rubbery,False
0.9952448,2.4568439,364.0,4,0,0,rubbery,False
0.9403483,2.4746604,364.5,4,0,0,rubbery,False
1.0339177,2.5646398,365.0,4,0,0,rubbery,False
0.98955107,2.3990538,365.5,4,0,0,rubbery,False
0.85538846,2.6146882,366.0,4,0,0,rubbery,False
0.87257737,2.531421,366.5,4,0,0,rubbery,False
0.7792274,2.7578804,367.0,4,0,0,rubbery,False
0.8029053,2.5811036,367.5,4,0,0,rubbery,False
0.7228286,2.5196772,368.0,4,0,0,rubbery,False
0.7411867,2.6997545,368.5,4,0,0,rubbery,False
0.90588856,2.4597611,369.0,4,0,0,rubbery,False
0.89092314,2.587154,369.5,4,0,0,rubbery,False
0.79188645,2.7271745,370.0,4,0,0,rubbery,False
0.673041,2.9364924,370.5,4,0,0,rubbery,False
0.77502984,2.88304,371.0,4,0,0,rubbery,False
0.6418003,2.877461,371.5,4,0,0,rubbery,False
0.67274016,2.958171,372.0,4,0,0,rubbery,False
0.65317714,2.993106,372.5,4,0,0,rubbery,False
0.60757226,3.1268835,373.0,4,0,0,rubbery,False
0.56715626,3.1740825,373.5,4,0,0,rubbery,False
0.47418287,3.2640383,374.0,4,0,0,rubbery,False
0.56595176,3.1325567,374.5,4,0,0,rubbery,False
0.5625052,3.2702475,375.0,4,0,0,rubbery,False
0.42316195,3.3345597,375.5,4,0,0,rubbery,False
0.5066368,3.2384162,376.0,4,0,0,rubbery,False
0.50635785,3.219498,376.5,4,0,0,rubbery,False
0.54580694,3.1628418,377.0,4,0,0,rubbery,False
0.48508582,3.2613885,377.5,4,0,0,rubbery,False
0.6420182,3.3351686,378.0,4,0,0,rubbery,False
0.5165275,3.2358065,378.5,4,0,0,rubbery,False
0.56948376,3.223125,379.0,4,0,0,rubbery,False
7.2061706,3.3545997,379.5,5,0,0,rubbery,False
7.211926,3.3958292,380.0,5,0,0,rubbery,False
7.166982,3.3595514,380.5,5,0,0,rubbery,False
7.012369,3.3213465,381.0,5,0,0,rubbery,False
7.205019,3.4688926,381.5,5,0,0,rubbery,False
7.1317825,3.394718,382.0,5,0,0,rubbery,False
7.190047,3.363015,382.5,5,0,0,rubbery,False
7.1754584,3.3851802,383.0,5,0,0,rubbery,False
7.2158737,3.342994,383.5,5,0,0,rubbery,False
7.086983,3.4339905,384.0,5,0,0,rubbery,False
7.30135,3.2576587,384.5,5,0,0,rubbery,False
7.0789905,3.459163,385.0,5,0,0,rubbery,False
7.123846,3.5063543,385.5,5,0,0,rubbery,False
7.0556755,3.4561496,386.0,5,0,0,rubbery,False
7.108432,3.452859,386.5,5,0,0,rubbery,False
6.9841847,3.318758,387.0,5,0,0,rubbery,False
7.0446734,3.3559163,387.5,5,0,0,rubbery,False
7.0589952,3.4454563,388.0,5,0,0,rubbery,False
7.0402555,3.5384476,388.5,5,0,0,rubbery,False
7.259159,3.3425305,389.0,5,0,0,rubbery,False
7.020744,3.5216792,389.5,5,0,0,rubbery,False
7.919079,3.4787536,390.0,5,0,0,rubbery,False
8.355392,3.4862366,390.5,5,0,0,rubbery,False
8.14171,3.5210695,391.0,5,0,0,rubbery,False
8.177728,3.5886538,391.5,5,0,0,rubbery,False
8.246913,3.5922132,392.0,5,0,0,rubbery,False
8.201326,3.5749407,392.5,5,0,0,rubbery,False
8.206291,3.607243,393.0,5,0,0,rubbery,False
8.331877,3.5134754,393.5,5,0,0,rubbery,False
8.405153,3.5352807,394.0,5,0,0,rubbery,False
8.106984,3.5269563,394.5,5,0,0,rubbery,False
8.395339,3.4250412,395.0,5,0,0,rubbery,False
8.146919,3.55688,395.5,5,0,0,rubbery,False
8.082137,3.6289425,396.0,5,0,0,rubbery,False
8.270629,3.673171,396.5,5,0,0,rubbery,False
8.191409,3.6244733,397.0,5,0,0,rubbery,False
8.24849,3.515481,397.5,5,0,0,rubbery,False
8.366652,3.578231,398.0,5,0,0,rubbery,False
8.280388,3.5700924,398.5,5,0,0,rubbery,False
8.4233885,3.41399,399.0,5,0,0,rubbery,False
8.173949,3.5805662,399.5,5,0,0,rubbery,False
8.440475,3.445839,400.0,5,0,0,rubbery,False
8.215322,3.6081426,400.5,5,0,0,rubbery,False
7.816953,3.5133772,401.0,5,0,0,rubbery,False
8.416123,3.4862986,401.5,5,0,0,rubbery,False
8.539099,3.4732928,402.0,5,0,0,rubbery,False
8.5642395,3.3890922,402.5,5,0,0,rubbery,False
8.572748,3.3417654,403.0,5,0,0,rubbery,False
8.5625105,3.3967025,403.5,5,0,0,rubbery,False
8.62806,3.320542,404.0,5,0,0,rubbery,False
8.707374,3.2262223,404.5,5,0,0,rubbery,False
8.630943,3.3185966,405.0,5,0,0,rubbery,False
8.7321005,3.207735,405.5,5,0,0,rubbery,False
8.63607,3.1710203,406.0,5,0,0,rubbery,False
8.573042,-0.7003244,406.5,8,0,-1,rubbery,False
8.554609,-0.76047695,407.0,8,0,-1,rubbery,False
8.554832,-0.70542204,407.5,8,0,-1,rubbery,False
8.567431,-0.8695538,408.0,8,0,-1,rubbery,False
8.593322,-0.8620048,408.5,8,0,-1,rubbery,False
8.5209255,-0.7354804,409.0,8,0,-1,rubbery,False
8.629405,-0.97159684,409.5,8,0,-1,rubbery,False
8.706608,-1.151591,410.0,8,0,-1,rubbery,False
8.674242,-1.1899418,410.5,8,0,-1,rubbery,False
8.765604,-1.158941,411.0,8,0,-1,rubbery,False
8.669492,-1.1861435,411.5,8,0,-1,rubbery,False
8.723081,-1.2113225,412.0,8,0,-1,rubbery,False
8.653729,-1.1977824,412.5,8,0,-1,rubbery,False
8.697524,-1.2566572,413.0,8,0,-1,rubbery,False
8.755896,-1.3060591,413.5,8,0,-1,rubbery,False
8.815373,-1.2744528,414.0,8,0,-1,rubbery,False
8.707239,-1.3318235,414.5,8,0,-1,rubbery,False
8.845708,-1.3278868,415.0,8,0,-1,rubbery,False
8.754633,-1.3049616,415.5,8,0,-1,rubbery,False
8.72811,-1.3888217,416.0,8,0,-1,rubbery,False
8.654741,-1.410535,416.5,8,0,-1,rubbery,False
8.670797,-1.2982951,417.0,8,0,-1,rubbery,False
8.740591,-1.3599143,417.5,8,0,-1,rubbery,False
8.850233,-1.4950529,418.0,8,0,-1,rubbery,False
8.777319,-1.4800994,418.5,8,0,-1,rubbery,False
8.704843,-1.5631497,419.0,8,0,-1,rubbery,False
8.817482,-1.6151787,419.5,8,0,-1,rubbery,False
9.1094055,-2.6083598,420.0,6,0,-1,rubbery,False
9.115456,-2.6065533,420.5,6,0,-1,rubbery,False
9.234249,-2.944159,421.0,6,0,-1,rubbery,False
9.202484,-2.9167886,421.5,6,0,-1,rubbery,False
9.216863,-2.938178,422.0,6,0,-1,rubbery,False
9.306975,-3.0455518,422.5,6,0,-1,rubbery,False
9.163159,-2.9626393,423.0,6,0,-1,rubbery,False
9.266897,-2.954377,423.5,6,0,-1,rubbery,False
9.315697,-3.0681207,424.0,6,0,-1,rubbery,False
9.249838,-3.025529,424.5,6,0,-1,rubbery,False
9.309319,-3.010813,425.0,6,0,-1,rubbery,False
9.220526,-3.149018,425.5,6,0,-1,rubbery,False
9.286191,-3.0428133,426.0,6,0,-1,rubbery,False
9.214827,-3.1333601,426.5,6,0,-1,rubbery,False
9.236184,-3.1125293,427.0,6,0,-1,rubbery,False
9.377315,-3.2512012,427.5,6,0,-1,rubbery,False
9.394464,-3.2878206,428.0,6,0,-1,rubbery,False
9.378321,-3.4056942,428.5,6,0,-1,rubbery,False
9.388866,-3.3306682,429.0,6,0,-1,rubbery,False
9.379753,-3.4178174,429.5,6,0,-1,rubbery,False
9.675182,-4.1177897,430.0,6,0,-1,rubbery,False
9.672699,-4.13985,430.5,6,0,-1,rubbery,False
9.836145,-4.3502603,431.0,6,0,-1,rubbery,False
9.717817,-4.29214,431.5,6,0,-1,rubbery,False
9.798289,-4.3448524,432.0,6,0,-1,rubbery,False
9.810678,-4.3697124,432.5,6,0,-1,rubbery,False
9.836141,-4.324329,433.0,6,0,-1,rubbery,False
9.689556,-4.384886,433.5,6,0,-1,rubbery,False
9.734271,-4.5107536,434.0,6,0,-1,rubbery,False
9.679035,-4.4446645,434.5,6,0,-1,rubbery,False
9.831138,-4.469428,435.0,6,0,-1,rubbery,False
9.78723,-4.441417,435.5,6,0,-1,rubbery,False
9.701114,-4.6036615,436.0,6,0,-1,rubbery,False
9.84361,-4.4888277,436.5,6,0,-1,rubbery,False
9.796823,-4.5066967,437.0,6,0,-1,rubbery,False
9.724042,-4.496699,437.5,6,0,-1,rubbery,False
9.808116,-4.4642553,438.0,6,0,-1,rubbery,False
9.71787,-4.548704,438.5,6,0,-1,rubbery,False
9.801419,-4.551703,439.0,6,0,-1,rubbery,False
9.824697,-4.542298,439.5,6,0,-1,rubbery,False
8.388705,-9.898896,440.0,1,0,-1,rubbery,False
8.411975,-9.866637,440.5,1,0,-1,rubbery,False
8.39708,-9.914956,441.0,1,0,-1,rubbery,False
8.36457,-9.955289,441.5,1,0,-1,rubbery,False
8.430291,-9.849124,442.0,1,0,-1,rubbery,False
8.335065,-10.004565,442.5,1,0,-2,rubbery,False
8.318455,-10.023235,443.0,1,0,-2,rubbery,False
8.259149,-10.035246,443.5,1,0,-2,rubbery,False
8.335751,-10.08069,444.0,1,0,-2,rubbery,False
8.293917,-10.064204,444.5,1,0,-2,rubbery,False
8.355523,-9.984309,445.0,1,0,-1,rubbery,False
8.297587,-10.062893,445.5,1,0,-2,rubbery,False
8.243551,-10.188958,446.0,1,0,-2,rubbery,False
8.193076,-10.016006,446.5,1,0,-2,rubbery,False
8.240287,-10.150503,447.0,1,0,-2,rubbery,False
8.19203,-10.332216,447.5,1,0,-2,rubbery,False
8.24887,-10.314562,448.0,1,0,-2,rubbery,False
8.175408,-10.22577,448.5,1,0,-2,rubbery,False
8.205798,-10.33697,449.0,1,0,-2,rubbery,False
8.248527,-10.442602,449.5,1,0,-2,rubbery,False
8.071018,-11.218825,450.0,1,0,-2,rubbery,False
8.079953,-11.161983,450.5,1,0,-2,rubbery,False
8.107691,-11.028424,451.0,1,0,-2,rubbery,False
8.112,-10.953749,451.5,1,0,-2,rubbery,False
8.142541,-10.929577,452.0,1,0,-2,rubbery,False
8.087616,-11.006015,452.5,1,0,-2,rubbery,False
8.052664,-11.227392,453.0,1,0,-2,rubbery,False
8.057697,-11.275436,453.5,1,0,-2,rubbery,False
8.013314,-11.365605,454.0,1,0,-2,rubbery,False
7.9986663,-11.273514,454.5,1,0,-2,rubbery,False
8.031105,-11.292662,455.0,1,0,-2,rubbery,False
7.9710374,-11.374261,455.5,1,0,-2,rubbery,False
8.074515,-11.42526,456.0,1,0,-2,rubbery,False
8.00885,-11.48734,456.5,1,0,-2,rubbery,False
8.001904,-11.548244,457.0,1,0,-2,rubbery,False
8.08769,-11.567051,457.5,1,0,-2,rubbery,False
8.03874,-11.465023,458.0,1,0,-2,rubbery,False
8.0385475,-11.553652,458.5,1,0,-2,rubbery,False
8.046074,-11.610191,459.0,1,0,-2,rubbery,False
8.106608,-11.9330635,459.5,1,0,-2,rubbery,False
8.226885,-12.314564,460.0,1,0,-2,rubbery,False
8.166157,-12.326629,460.5,1,0,-2,rubbery,False
8.201543,-12.363643,461.0,1,0,-2,rubbery,False
8.24725,-12.451859,461.5,1,0,-2,rubbery,False
8.25989,-12.413752,462.0,1,0,-2,rubbery,False
8.2431,-12.473683,462.5,1,0,-2,rubbery,False
8.196789,-12.403564,463.0,1,0,-2,rubbery,False
8.190715,-12.458871,463.5,1,0,-2,rubbery,False
8.274296,-12.447505,464.0,1,0,-2,rubbery,False
8.298917,-12.554301,464.5,1,0,-2,rubbery,False
8.208374,-12.520214,465.0,1,0,-2,rubbery,False
8.211936,-12.426924,465.5,1,0,-2,rubbery,False
8.181723,-12.586566,466.0,1,0,-2,rubbery,False
8.342107,-12.57855,466.5,1,0,-2,rubbery,False
8.187762,-12.562074,467.0,1,0,-2,rubbery,False
8.270385,-12.599113,467.5,1,0,-2,rubbery,False
8.35492,-12.465817,468.0,1,0,-2,rubbery,False
8.193868,-12.523671,468.5,1,0,-2,rubbery,False
8.247674,-12.611832,469.0,1,0,-2,rubbery,False
8.193996,-12.559147,469.5,1,0,-2,rubbery,False
16.021313,-3.6788094,470.0,7,1,-1,rubbery,False
15.934405,-3.7003388,470.5,7,1,-1,rubbery,False
15.970211,-3.6439602,471.0,7,1,-1,rubbery,False
15.92843,-3.6891828,471.5,7,1,-1,rubbery,False
16.014822,-3.593371,472.0,7,1,-1,rubbery,False
15.917628,-3.6714127,472.5,7,1,-1,rubbery,False
15.963593,-3.6630664,473.0,7,1,-1,rubbery,False
16.023989,-3.5823786,473.5,7,1,-1,rubbery,False
15.952445,-3.6748216,474.0,7,1,-1,rubbery,False
16.005716,-3.6132574,474.5,7,1,-1,rubbery,False
15.873083,-3.5119486,475.0,7,1,-1,rubbery,False
16.02003,-3.604672,475.5,7,1,-1,rubbery,False
16.11355,-3.7440383,476.0,7,1,-1,rubbery,False
15.979224,-3.6511092,476.5,7,1,-1,rubbery,False
16.121342,-3.6945956,477.0,7,1,-1,rubbery,False
16.161049,-3.4627042,477.5,7,1,-1,rubbery,False
16.007555,-3.5237784,478.0,7,1,-1,rubbery,False
16.063713,-3.618312,478.5,7,1,-1,rubbery,False
16.103184,-3.5370748,479.0,7,1,-1,rubbery,False
16.03184,-3.600261,479.5,7,1,-1,rubbery,False
18.357334,-3.3791482,480.0,3,1,-1,rubbery,False
18.432491,-3.3995063,480.5,3,1,-1,rubbery,False
18.496044,-3.4280176,481.0,3,1,-1,rubbery,False
18.424412,-3.4561362,481.5,3,1,-1,rubbery,False
18.457851,-3.4166048,482.0,3,1,-1,rubbery,False
18.4529,-3.3802652,482.5,3,1,-1,rubbery,False
18.421307,-3.4690192,483.0,3,1,-1,rubbery,False
18.330448,-3.4140356,483.5,3,1,-1,rubbery,False
18.373846,-3.3612847,484.0,3,1,-1,rubbery,False
18.385859,-3.3494303,484.5,3,1,-1,rubbery,False
18.369896,-3.3813128,485.0,3,1,-1,rubbery,False
18.496267,-3.4480684,485.5,3,1,-1,rubbery,False
18.487238,-3.4369378,486.0,3,1,-1,rubbery,False
18.595812,-3.511588,486.5,3,1,-1,rubbery,False
18.523731,-3.4083166,487.0,3,1,-1,rubbery,False
18.509113,-3.4869294,487.5,3,1,-1,rubbery,False
18.591993,-3.5257907,488.0,3,1,-1,rubbery,False
18.698277,-3.551875,488.5,3,1,-1,rubbery,False
18.785015,-3.6104512,489.0,3,1,-1,rubbery,False
18.624178,-3.5078583,489.5,3,1,-1,rubbery,False
19.759727,-3.9053206,490.0,3,1,-1,rubbery,False
19.807936,-3.9251902,490.5,3,1,-1,rubbery,False
19.82157,-3.975288,491.0,3,1,-1,rubbery,False
19.768427,-3.8678842,491.5,3,1,-1,rubbery,False
19.833408,-3.9362538,492.0,3,1,-1,rubbery,False
19.868055,-3.958017,492.5,3,1,-1,rubbery,False
19.864063,-3.9694326,493.0,3,1,-1,rubbery,False
19.90385,-4.003094,493.5,3,1,-1,rubbery,False
19.83604,-3.941862,494.0,3,1,-1,rubbery,False
19.828688,-3.9304745,494.5,3,1,-1,rubbery,False
19.886276,-3.9863677,495.0,3,1,-1,rubbery,False
19.848616,-3.946301,495.5,3,1,-1,rubbery,False
19.945835,-4.0362206,496.0,3,1,-1,rubbery,False
19.916166,-3.9970977,496.5,3,1,-1,rubbery,False
20.033413,-4.120768,497.0,3,2,-1,rubbery,False
19.924398,-4.017163,497.5,3,1,-1,rubbery,False
20.00852,-4.0972633,498.0,3,2,-1,rubbery,False
19.966553,-4.0516796,498.5,3,1,-1,rubbery,False
20.022594,-4.116385,499.0,3,2,-1,rubbery,False
19.925688,-3.9957323,499.5,3,1,-1,rubbery,False
19.752028,-3.8776066,500.0,3,1,-1,rubbery,False
