UMAP1,UMAP2,temp,Cluster,Grid_X,Grid_Y,State,Cluster_Change
-12.91203,19.61883,200.0,1,-2,1,rubbery,False
-11.927804,19.006752,200.5,1,-2,1,rubbery,False
-12.263446,18.684954,201.0,1,-2,1,rubbery,False
-12.232961,18.516119,201.5,1,-2,1,rubbery,False
-11.698977,19.540272,202.0,1,-2,1,rubbery,False
-12.361194,18.85978,202.5,1,-2,1,rubbery,False
-11.967613,18.633606,203.0,1,-2,1,rubbery,False
-13.075241,19.58853,203.5,1,-2,1,rubbery,False
-12.125445,18.87866,204.0,1,-2,1,rubbery,False
-11.7814455,19.162209,204.5,1,-2,1,rubbery,False
-12.792578,19.62361,205.0,1,-2,1,rubbery,False
-12.670169,18.876598,205.5,1,-2,1,rubbery,False
-12.363375,19.363972,206.0,1,-2,1,rubbery,False
-12.221698,18.413603,206.5,1,-2,1,rubbery,False
-12.169237,18.409279,207.0,1,-2,1,rubbery,False
-12.323406,19.62286,207.5,1,-2,1,rubbery,False
-11.719265,18.81776,208.0,1,-2,1,rubbery,False
-12.602797,19.592329,208.5,1,-2,1,rubbery,False
-12.832829,19.533451,209.0,1,-2,1,rubbery,False
-12.591118,19.497494,209.5,1,-2,1,rubbery,False
-12.736992,19.407413,210.0,1,-2,1,rubbery,False
-12.209953,18.652126,210.5,1,-2,1,rubbery,False
-12.733635,19.596231,211.0,1,-2,1,rubbery,False
-11.611107,19.360668,211.5,1,-2,1,rubbery,False
-12.051711,18.72602,212.0,1,-2,1,rubbery,False
-12.552043,18.81316,212.5,1,-2,1,rubbery,False
-11.96753,19.274382,213.0,1,-2,1,rubbery,False
-11.684218,19.524109,213.5,1,-2,1,rubbery,False
-13.14799,19.855732,214.0,1,-2,1,rubbery,False
-12.774662,19.5679,214.5,1,-2,1,rubbery,False
-12.482007,18.720646,215.0,1,-2,1,rubbery,False
-12.830068,18.936754,215.5,1,-2,1,rubbery,False
-12.892316,19.697754,216.0,1,-2,1,rubbery,False
-12.343337,18.630043,216.5,1,-2,1,rubbery,False
-12.854615,19.321966,217.0,1,-2,1,rubbery,False
-12.682515,19.195862,217.5,1,-2,1,rubbery,False
-12.362095,19.633041,218.0,1,-2,1,rubbery,False
-12.467736,18.707811,218.5,1,-2,1,rubbery,False
-12.680391,19.305761,219.0,1,-2,1,rubbery,False
-11.647624,19.181547,219.5,1,-2,1,rubbery,False
-12.682375,19.80829,220.0,1,-2,1,rubbery,False
-11.161735,18.727211,220.5,1,-2,1,rubbery,False
-12.062015,18.567917,221.0,1,-2,1,rubbery,False
-12.710509,19.841906,221.5,1,-2,1,rubbery,False
-12.07142,19.735489,222.0,1,-2,1,rubbery,False
-11.136528,19.64101,222.5,1,-2,1,rubbery,False
-12.378108,20.146488,223.0,1,-2,2,rubbery,False
-12.4402685,19.900892,223.5,1,-2,1,rubbery,False
-11.350197,19.98113,224.0,1,-2,1,rubbery,False
-12.160898,20.229218,224.5,1,-2,2,rubbery,False
-11.913383,19.97587,225.0,1,-2,1,rubbery,False
-12.194197,20.130024,225.5,1,-2,2,rubbery,False
-12.082739,20.164543,226.0,1,-2,2,rubbery,False
-12.190656,19.995474,226.5,1,-2,1,rubbery,False
-10.63868,19.094309,227.0,1,-2,1,rubbery,False
-12.461897,20.093992,227.5,1,-2,2,rubbery,False
-12.416407,19.946747,228.0,1,-2,1,rubbery,False
-11.691687,19.79897,228.5,1,-2,1,rubbery,False
-11.774092,19.678152,229.0,1,-2,1,rubbery,False
-12.582545,20.040077,229.5,1,-2,2,rubbery,False
-11.815183,19.061779,230.0,1,-2,1,rubbery,False
-12.150309,18.999075,230.5,1,-2,1,rubbery,False
-12.893441,19.20365,231.0,1,-2,1,rubbery,False
-12.592652,19.235134,231.5,1,-2,1,rubbery,False
-12.589234,18.575752,232.0,1,-2,1,rubbery,False
-12.988498,19.410324,232.5,1,-2,1,rubbery,False
-11.425711,18.368793,233.0,1,-2,1,rubbery,False
-12.275077,18.81295,233.5,1,-2,1,rubbery,False
-12.350039,18.585962,234.0,1,-2,1,rubbery,False
-12.540003,18.948933,234.5,1,-2,1,rubbery,False
-11.566262,18.385803,235.0,1,-2,1,rubbery,False
-12.982615,19.107483,235.5,1,-2,1,rubbery,False
-12.02699,18.49702,236.0,1,-2,1,rubbery,False
-11.907044,18.419,236.5,1,-2,1,rubbery,False
-11.838944,19.197403,237.0,1,-2,1,rubbery,False
-11.831949,18.460339,237.5,1,-2,1,rubbery,False
-11.719672,18.514202,238.0,1,-2,1,rubbery,False
-12.5779915,19.672554,238.5,1,-2,1,rubbery,False
-12.415732,18.812386,239.0,1,-2,1,rubbery,False
-11.691489,19.222462,239.5,1,-2,1,rubbery,False
-12.886521,19.160908,240.0,1,-2,1,rubbery,False
-12.127928,18.363033,240.5,1,-2,1,rubbery,False
-13.0209055,19.649866,241.0,1,-2,1,rubbery,False
-12.124315,18.198215,241.5,1,-2,1,rubbery,False
-11.628093,18.920246,242.0,1,-2,1,rubbery,False
-11.697172,18.273216,242.5,1,-2,1,rubbery,False
-11.628582,18.704775,243.0,1,-2,1,rubbery,False
-12.017565,18.786942,243.5,1,-2,1,rubbery,False
-13.168122,19.532194,244.0,1,-2,1,rubbery,False
-12.435927,19.378078,244.5,1,-2,1,rubbery,False
-12.435,18.674904,245.0,1,-2,1,rubbery,False
-12.105182,19.396826,245.5,1,-2,1,rubbery,False
-12.542436,18.511023,246.0,1,-2,1,rubbery,False
-12.078467,19.272636,246.5,1,-2,1,rubbery,False
-12.049623,18.739336,247.0,1,-2,1,rubbery,False
-12.607028,19.312452,247.5,1,-2,1,rubbery,False
-13.202547,20.057459,248.0,1,-2,2,rubbery,False
-12.276209,18.322039,248.5,1,-2,1,rubbery,False
-12.522113,18.469656,249.0,1,-2,1,rubbery,False
-12.337118,19.554676,249.5,1,-2,1,rubbery,False
-12.826852,19.946623,250.0,1,-2,1,rubbery,False
-12.626696,18.50318,250.5,1,-2,1,rubbery,False
-11.562766,19.7188,251.0,1,-2,1,rubbery,False
-11.516116,20.089285,251.5,1,-2,2,rubbery,False
-11.262044,19.30445,252.0,1,-2,1,rubbery,False
-11.739661,19.782755,252.5,1,-2,1,rubbery,False
-11.486692,19.673473,253.0,1,-2,1,rubbery,False
-11.561031,19.56779,253.5,1,-2,1,rubbery,False
-11.5341625,19.754065,254.0,1,-2,1,rubbery,False
-12.021453,19.092659,254.5,1,-2,1,rubbery,False
-11.333141,19.990686,255.0,1,-2,1,rubbery,False
-11.420734,19.995628,255.5,1,-2,1,rubbery,False
-10.760685,19.795645,256.0,1,-2,1,rubbery,False
-11.074011,19.85086,256.5,1,-2,1,rubbery,False
-11.316402,19.727854,257.0,1,-2,1,rubbery,False
-10.921113,19.4451,257.5,1,-2,1,rubbery,False
-11.051815,19.855516,258.0,1,-2,1,rubbery,False
-10.947646,19.45011,258.5,1,-2,1,rubbery,False
-11.182403,19.971464,259.0,1,-2,1,rubbery,False
-10.945841,20.65439,259.5,1,-2,2,rubbery,False
-11.881973,20.279545,260.0,1,-2,2,rubbery,False
-11.73518,19.69716,260.5,1,-2,1,rubbery,False
-11.194926,20.154272,261.0,1,-2,2,rubbery,False
-12.116901,20.229782,261.5,1,-2,2,rubbery,False
-12.018154,20.044956,262.0,1,-2,2,rubbery,False
-11.353913,20.309814,262.5,1,-2,2,rubbery,False
-10.991817,18.508432,263.0,1,-2,1,rubbery,False
-11.144977,21.135874,263.5,1,-2,2,rubbery,False
-11.118368,20.50835,264.0,1,-2,2,rubbery,False
-11.376047,20.447111,264.5,1,-2,2,rubbery,False
-11.226268,20.809937,265.0,1,-2,2,rubbery,False
-11.588836,19.684053,265.5,1,-2,1,rubbery,False
-11.315538,20.608414,266.0,1,-2,2,rubbery,False
-11.580324,20.115284,266.5,1,-2,2,rubbery,False
-11.73255,20.118244,267.0,1,-2,2,rubbery,False
-11.174517,18.588516,267.5,1,-2,1,rubbery,False
-11.688917,19.591131,268.0,1,-2,1,rubbery,False
-11.584607,20.074978,268.5,1,-2,2,rubbery,False
-11.414281,21.210344,269.0,1,-2,2,rubbery,False
-12.543933,18.485842,269.5,1,-2,1,rubbery,False
-11.332949,21.540152,270.0,1,-2,2,rubbery,False
-11.321016,21.455688,270.5,1,-2,2,rubbery,False
-11.303195,21.48573,271.0,1,-2,2,rubbery,False
-11.363941,21.515676,271.5,1,-2,2,rubbery,False
-11.296922,21.501236,272.0,1,-2,2,rubbery,False
-11.3299055,21.41222,272.5,1,-2,2,rubbery,False
-11.239204,21.268196,273.0,1,-2,2,rubbery,False
-11.217031,21.489511,273.5,1,-2,2,rubbery,False
-11.429497,21.56613,274.0,1,-2,2,rubbery,False
-11.293262,21.602606,274.5,1,-2,2,rubbery,False
-11.3522,21.155483,275.0,1,-2,2,rubbery,False
-12.809854,18.664549,275.5,1,-2,1,rubbery,False
-11.986236,19.305634,276.0,1,-2,1,rubbery,False
-11.535768,21.35957,276.5,1,-2,2,rubbery,False
-11.498026,21.571115,277.0,1,-2,2,rubbery,False
-11.391648,21.529263,277.5,1,-2,2,rubbery,False
-11.373392,21.64071,278.0,1,-2,2,rubbery,False
-11.392225,21.178173,278.5,1,-2,2,rubbery,False
-11.387113,21.50504,279.0,1,-2,2,rubbery,False
-11.709573,20.969597,279.5,1,-2,2,rubbery,False
-11.017532,21.057747,280.0,1,-2,2,rubbery,False
-10.866825,20.610916,280.5,1,-2,2,rubbery,False
-11.13371,19.694542,281.0,1,-2,1,rubbery,False
-10.905042,19.920826,281.5,1,-2,1,rubbery,False
-12.913077,19.404259,282.0,1,-2,1,rubbery,False
-12.320282,18.32173,282.5,1,-2,1,rubbery,False
-13.004922,19.455883,283.0,1,-2,1,rubbery,False
-13.122326,19.452236,283.5,1,-2,1,rubbery,False
-12.130224,18.679188,284.0,1,-2,1,rubbery,False
-11.647263,18.738346,284.5,1,-2,1,rubbery,False
-10.764777,18.683008,285.0,1,-2,1,rubbery,False
-10.558749,19.201246,285.5,1,-2,1,rubbery,False
-11.289799,18.827923,286.0,1,-2,1,rubbery,False
-11.328775,18.860691,286.5,1,-2,1,rubbery,False
-10.590225,19.817562,287.0,1,-2,1,rubbery,False
-11.574865,18.810043,287.5,1,-2,1,rubbery,False
-10.561131,20.203564,288.0,1,-2,2,rubbery,False
-10.7948675,19.225468,288.5,1,-2,1,rubbery,False
-10.778416,19.447887,289.0,1,-2,1,rubbery,False
-10.799421,19.499233,289.5,1,-2,1,rubbery,False
-13.25664,20.413876,290.0,1,-2,2,rubbery,False
-13.270328,20.339867,290.5,1,-2,2,rubbery,False
-13.215026,20.368908,291.0,1,-2,2,rubbery,False
-13.358054,20.257542,291.5,1,-2,2,rubbery,False
-13.288597,20.32899,292.0,1,-2,2,rubbery,False
-13.173657,20.392763,292.5,1,-2,2,rubbery,False
-13.24762,20.35897,293.0,1,-2,2,rubbery,False
-13.333381,20.399864,293.5,1,-2,2,rubbery,False
-13.391825,20.254663,294.0,1,-2,2,rubbery,False
-12.915084,20.273264,294.5,1,-2,2,rubbery,False
-11.864287,19.477917,295.0,1,-2,1,rubbery,False
-12.828985,20.289103,295.5,1,-2,2,rubbery,False
-12.929436,20.219034,296.0,1,-2,2,rubbery,False
-11.399839,19.51915,296.5,1,-2,1,rubbery,False
-12.146463,19.163544,297.0,1,-2,1,rubbery,False
-12.235003,19.001568,297.5,1,-2,1,rubbery,False
-13.36959,20.330809,298.0,1,-2,2,rubbery,False
-12.166441,18.51356,298.5,1,-2,1,rubbery,False
-12.111675,18.912636,299.0,1,-2,1,rubbery,False
-12.296263,18.363083,299.5,1,-2,1,rubbery,False
-11.254464,19.255316,300.0,1,-2,1,rubbery,False
-11.412105,19.970594,300.5,1,-2,1,rubbery,False
-11.538471,19.474194,301.0,1,-2,1,rubbery,False
-11.087934,19.861143,301.5,1,-2,1,rubbery,False
-11.074332,19.945993,302.0,1,-2,1,rubbery,False
-11.317985,19.541407,302.5,1,-2,1,rubbery,False
-11.26541,19.399456,303.0,1,-2,1,rubbery,False
-12.242471,19.57106,303.5,1,-2,1,rubbery,False
-11.336972,19.85988,304.0,1,-2,1,rubbery,False
-11.228307,19.253428,304.5,1,-2,1,rubbery,False
-12.904902,19.786964,305.0,1,-2,1,rubbery,False
-10.760392,19.422915,305.5,1,-2,1,rubbery,False
-12.158848,20.37362,306.0,1,-2,2,rubbery,False
-10.70992,19.658379,306.5,1,-2,1,rubbery,False
-11.021246,19.777273,307.0,1,-2,1,rubbery,False
-11.009081,19.415186,307.5,1,-2,1,rubbery,False
-10.994014,18.939342,308.0,1,-2,1,rubbery,False
-11.0972395,18.358135,308.5,1,-2,1,rubbery,False
-11.671727,20.200533,309.0,1,-2,2,rubbery,False
-11.959506,19.941578,309.5,1,-2,1,rubbery,False
-11.825564,20.279566,310.0,1,-2,2,rubbery,False
-12.50038,19.345877,310.5,1,-2,1,rubbery,False
-11.661585,18.562675,311.0,1,-2,1,rubbery,False
-11.324989,19.076845,311.5,1,-2,1,rubbery,False
-11.545253,21.497402,312.0,1,-2,2,rubbery,False
-11.052117,20.141043,312.5,1,-2,2,rubbery,False
13.984757,35.797024,313.0,0,1,3,glassy,True
-10.895261,19.332947,313.5,1,-2,1,rubbery,True
-10.886209,19.590038,314.0,1,-2,1,rubbery,False
-10.845335,19.568369,314.5,1,-2,1,rubbery,False
-10.883881,19.067043,315.0,1,-2,1,rubbery,False
-10.966767,18.753643,315.5,1,-2,1,rubbery,False
-10.421898,19.208801,316.0,1,-2,1,rubbery,False
-11.246623,21.048452,316.5,1,-2,2,rubbery,False
-10.491787,19.426376,317.0,1,-2,1,rubbery,False
-10.4866085,19.09358,317.5,1,-2,1,rubbery,False
-10.509115,19.482944,318.0,1,-2,1,rubbery,False
-10.740479,19.1871,318.5,1,-2,1,rubbery,False
-10.954581,20.196758,319.0,1,-2,2,rubbery,False
-11.486367,18.852976,319.5,1,-2,1,rubbery,False
-10.679566,20.201603,320.0,1,-2,2,rubbery,False
-10.754273,20.294065,320.5,1,-2,2,rubbery,False
-10.60524,20.724483,321.0,1,-2,2,rubbery,False
-10.4406395,20.787947,321.5,1,-2,2,rubbery,False
-10.708118,20.597504,322.0,1,-2,2,rubbery,False
-10.6217165,20.789438,322.5,1,-2,2,rubbery,False
-10.464341,20.73168,323.0,1,-2,2,rubbery,False
-10.435372,20.67528,323.5,1,-2,2,rubbery,False
-10.585235,20.472637,324.0,1,-2,2,rubbery,False
-10.408024,20.703323,324.5,1,-2,2,rubbery,False
-10.640097,20.904058,325.0,1,-2,2,rubbery,False
-10.490803,20.733786,325.5,1,-2,2,rubbery,False
-10.368905,20.263115,326.0,1,-2,2,rubbery,False
-10.3969755,20.35126,326.5,1,-2,2,rubbery,False
-10.783197,20.196133,327.0,1,-2,2,rubbery,False
-10.487475,20.129982,327.5,1,-2,2,rubbery,False
-10.372264,19.976397,328.0,1,-2,1,rubbery,False
-10.409317,20.613617,328.5,1,-2,2,rubbery,False
-10.315699,20.745089,329.0,1,-2,2,rubbery,False
-10.355858,19.815693,329.5,1,-2,1,rubbery,False
-10.591233,19.87912,330.0,1,-2,1,rubbery,False
-10.25807,20.285852,330.5,1,-2,2,rubbery,False
-10.628035,20.701988,331.0,1,-2,2,rubbery,False
-10.514534,20.569407,331.5,1,-2,2,rubbery,False
-10.597706,20.698656,332.0,1,-2,2,rubbery,False
-11.814529,19.012592,332.5,1,-2,1,rubbery,False
-10.821756,18.156628,333.0,1,-2,1,rubbery,False
-12.491002,19.985998,333.5,1,-2,1,rubbery,False
-10.8376465,20.892298,334.0,1,-2,2,rubbery,False
-10.499972,19.935602,334.5,1,-2,1,rubbery,False
-11.79515,20.99438,335.0,1,-2,2,rubbery,False
-12.659005,18.870155,335.5,1,-2,1,rubbery,False
-12.154958,19.103563,336.0,1,-2,1,rubbery,False
-11.592265,19.131693,336.5,1,-2,1,rubbery,False
-12.526899,19.260979,337.0,1,-2,1,rubbery,False
-11.667423,19.317678,337.5,1,-2,1,rubbery,False
-11.939886,20.139013,338.0,1,-2,2,rubbery,False
-10.969445,18.128649,338.5,1,-2,1,rubbery,False
-11.108339,18.660534,339.0,1,-2,1,rubbery,False
-12.057439,20.00311,339.5,1,-2,2,rubbery,False
-10.939748,17.852983,340.0,1,-2,1,rubbery,False
-10.8094,18.727673,340.5,1,-2,1,rubbery,False
-10.988331,18.060583,341.0,1,-2,1,rubbery,False
-10.918589,17.956926,341.5,1,-2,1,rubbery,False
-10.560726,17.8428,342.0,1,-2,1,rubbery,False
-10.848648,17.930807,342.5,1,-2,1,rubbery,False
-10.777678,17.855257,343.0,1,-2,1,rubbery,False
-11.051431,17.907719,343.5,1,-2,1,rubbery,False
-10.958154,18.167528,344.0,1,-2,1,rubbery,False
-10.76331,18.026161,344.5,1,-2,1,rubbery,False
-10.846484,17.9574,345.0,1,-2,1,rubbery,False
-10.606174,17.738653,345.5,1,-2,1,rubbery,False
-10.557495,17.865,346.0,1,-2,1,rubbery,False
-10.706382,17.940222,346.5,1,-2,1,rubbery,False
-10.590886,17.861177,347.0,1,-2,1,rubbery,False
-10.577313,17.863642,347.5,1,-2,1,rubbery,False
-10.658671,17.937307,348.0,1,-2,1,rubbery,False
-11.486892,19.24922,348.5,1,-2,1,rubbery,False
-10.496982,17.979523,349.0,1,-2,1,rubbery,False
-10.568608,18.008915,349.5,1,-2,1,rubbery,False
-10.513711,17.798365,350.0,1,-2,1,rubbery,False
-10.422597,18.476734,350.5,1,-2,1,rubbery,False
-10.471107,17.875929,351.0,1,-2,1,rubbery,False
-10.421562,18.668125,351.5,1,-2,1,rubbery,False
-10.455973,17.923935,352.0,1,-2,1,rubbery,False
-10.433832,17.877625,352.5,1,-2,1,rubbery,False
-10.650969,18.327515,353.0,1,-2,1,rubbery,False
11.782273,26.726303,353.5,0,1,2,glassy,True
11.787334,26.732685,354.0,0,1,2,glassy,False
11.962832,26.934423,354.5,0,1,2,glassy,False
11.970671,26.951914,355.0,0,1,2,glassy,False
11.93729,26.915854,355.5,0,1,2,glassy,False
11.943929,26.913874,356.0,0,1,2,glassy,False
11.866778,26.828175,356.5,0,1,2,glassy,False
12.062769,27.048605,357.0,0,1,2,glassy,False
11.867032,26.83557,357.5,0,1,2,glassy,False
12.016095,27.049894,358.0,0,1,2,glassy,False
11.925563,26.90662,358.5,0,1,2,glassy,False
11.89846,26.864752,359.0,0,1,2,glassy,False
12.112084,27.244854,359.5,0,1,2,glassy,False
12.269156,27.749054,360.0,0,1,2,glassy,False
12.102479,27.58965,360.5,0,1,2,glassy,False
12.261955,27.7279,361.0,0,1,2,glassy,False
12.19214,27.734936,361.5,0,1,2,glassy,False
12.206497,27.627148,362.0,0,1,2,glassy,False
12.149633,27.48901,362.5,0,1,2,glassy,False
12.207837,27.483326,363.0,0,1,2,glassy,False
12.36048,27.408998,363.5,0,1,2,glassy,False
12.443064,27.64109,364.0,0,1,2,glassy,False
12.337623,27.582727,364.5,0,1,2,glassy,False
12.33016,27.58703,365.0,0,1,2,glassy,False
12.234744,27.531904,365.5,0,1,2,glassy,False
12.401561,27.68399,366.0,0,1,2,glassy,False
12.310783,27.620876,366.5,0,1,2,glassy,False
12.257221,27.951162,367.0,0,1,2,glassy,False
12.2473,27.643064,367.5,0,1,2,glassy,False
12.408141,27.460096,368.0,0,1,2,glassy,False
12.416353,27.47472,368.5,0,1,2,glassy,False
12.391974,27.534529,369.0,0,1,2,glassy,False
12.5827875,27.559874,369.5,0,1,2,glassy,False
12.479035,27.789017,370.0,0,1,2,glassy,False
12.552998,27.714943,370.5,0,1,2,glassy,False
12.32291,27.684088,371.0,0,1,2,glassy,False
12.5539255,27.882599,371.5,0,1,2,glassy,False
12.1191845,27.726303,372.0,0,1,2,glassy,False
12.466373,27.613903,372.5,0,1,2,glassy,False
12.45581,27.811039,373.0,0,1,2,glassy,False
12.60526,27.897783,373.5,0,1,2,glassy,False
12.535261,27.98933,374.0,0,1,2,glassy,False
12.485221,27.90609,374.5,0,1,2,glassy,False
12.454522,27.989239,375.0,0,1,2,glassy,False
12.390389,28.064848,375.5,0,1,2,glassy,False
12.400495,27.751276,376.0,0,1,2,glassy,False
12.572523,28.042374,376.5,0,1,2,glassy,False
12.473517,27.643862,377.0,0,1,2,glassy,False
12.4087715,28.031143,377.5,0,1,2,glassy,False
12.4675665,28.091417,378.0,0,1,2,glassy,False
12.395166,28.006271,378.5,0,1,2,glassy,False
12.449958,28.074072,379.0,0,1,2,glassy,False
12.60437,28.159105,379.5,0,1,2,glassy,False
11.868602,29.313341,380.0,0,1,2,glassy,False
11.7444515,29.678677,380.5,0,1,2,glassy,False
11.816095,29.39757,381.0,0,1,2,glassy,False
11.776592,29.227749,381.5,0,1,2,glassy,False
11.721357,29.624638,382.0,0,1,2,glassy,False
11.814681,29.535765,382.5,0,1,2,glassy,False
11.67053,29.580208,383.0,0,1,2,glassy,False
11.631844,29.802885,383.5,0,1,2,glassy,False
11.707391,29.672325,384.0,0,1,2,glassy,False
11.745431,29.613655,384.5,0,1,2,glassy,False
11.731706,29.62933,385.0,0,1,2,glassy,False
11.629699,29.785892,385.5,0,1,2,glassy,False
11.818237,29.502687,386.0,0,1,2,glassy,False
11.702348,29.648806,386.5,0,1,2,glassy,False
11.790692,29.557812,387.0,0,1,2,glassy,False
11.614418,29.803019,387.5,0,1,2,glassy,False
11.638234,29.78992,388.0,0,1,2,glassy,False
11.538706,29.901812,388.5,0,1,2,glassy,False
11.646774,29.98383,389.0,0,1,2,glassy,False
11.621883,29.9627,389.5,0,1,2,glassy,False
11.515142,30.440828,390.0,0,1,3,glassy,False
11.541273,30.390997,390.5,0,1,3,glassy,False
11.517144,30.556026,391.0,0,1,3,glassy,False
11.5133915,30.561293,391.5,0,1,3,glassy,False
11.321275,31.724556,392.0,0,1,3,glassy,False
11.295467,31.754618,392.5,0,1,3,glassy,False
11.430909,31.053438,393.0,0,1,3,glassy,False
11.42363,31.054575,393.5,0,1,3,glassy,False
11.230256,32.04565,394.0,0,1,3,glassy,False
11.287789,32.03542,394.5,0,1,3,glassy,False
11.257057,32.119785,395.0,0,1,3,glassy,False
11.243824,32.120613,395.5,0,1,3,glassy,False
11.321837,32.196003,396.0,0,1,3,glassy,False
11.270181,32.281815,396.5,0,1,3,glassy,False
11.21758,32.31298,397.0,0,1,3,glassy,False
11.200402,32.27809,397.5,0,1,3,glassy,False
11.319545,32.211628,398.0,0,1,3,glassy,False
11.2475605,32.189335,398.5,0,1,3,glassy,False
11.243204,32.229774,399.0,0,1,3,glassy,False
11.224294,32.367683,399.5,0,1,3,glassy,False
11.187364,32.774467,400.0,0,1,3,glassy,False
11.156944,33.72878,400.5,0,1,3,glassy,False
11.12099,33.80068,401.0,0,1,3,glassy,False
11.144207,33.663532,401.5,0,1,3,glassy,False
11.12281,33.799427,402.0,0,1,3,glassy,False
11.07603,33.809822,402.5,0,1,3,glassy,False
11.11999,33.929157,403.0,0,1,3,glassy,False
11.162921,34.069355,403.5,0,1,3,glassy,False
11.163397,34.217945,404.0,0,1,3,glassy,False
11.1384735,34.042393,404.5,0,1,3,glassy,False
11.195754,34.140842,405.0,0,1,3,glassy,False
11.143848,34.156845,405.5,0,1,3,glassy,False
11.128971,34.20549,406.0,0,1,3,glassy,False
11.218167,34.181362,406.5,0,1,3,glassy,False
11.217067,34.478504,407.0,0,1,3,glassy,False
11.20341,34.423477,407.5,0,1,3,glassy,False
11.21513,34.327236,408.0,0,1,3,glassy,False
11.233256,34.55473,408.5,0,1,3,glassy,False
11.300005,34.718555,409.0,0,1,3,glassy,False
11.286502,34.702816,409.5,0,1,3,glassy,False
11.540503,35.74586,410.0,0,1,3,glassy,False
11.491116,35.643154,410.5,0,1,3,glassy,False
11.449323,35.60926,411.0,0,1,3,glassy,False
11.513728,35.67413,411.5,0,1,3,glassy,False
11.4280615,35.486782,412.0,0,1,3,glassy,False
11.460418,35.670784,412.5,0,1,3,glassy,False
11.580402,35.904427,413.0,0,1,3,glassy,False
11.579411,35.889202,413.5,0,1,3,glassy,False
11.630807,35.992992,414.0,0,1,3,glassy,False
11.72838,36.16887,414.5,0,1,3,glassy,False
11.596792,36.00543,415.0,0,1,3,glassy,False
11.669362,36.043102,415.5,0,1,3,glassy,False
11.671667,36.117973,416.0,0,1,3,glassy,False
11.759731,36.24743,416.5,0,1,3,glassy,False
11.8133545,36.320473,417.0,0,1,3,glassy,False
11.774955,36.225773,417.5,0,1,3,glassy,False
11.696323,36.153522,418.0,0,1,3,glassy,False
11.720934,36.19694,418.5,0,1,3,glassy,False
11.986471,36.52388,419.0,0,1,3,glassy,False
11.881522,36.402454,419.5,0,1,3,glassy,False
12.081732,36.667477,420.0,0,1,3,glassy,False
12.115009,36.727913,420.5,0,1,3,glassy,False
12.197935,36.778065,421.0,0,1,3,glassy,False
12.250151,36.86568,421.5,0,1,3,glassy,False
12.162124,36.82684,422.0,0,1,3,glassy,False
12.297587,36.913036,422.5,0,1,3,glassy,False
12.298064,36.88482,423.0,0,1,3,glassy,False
12.251867,36.885193,423.5,0,1,3,glassy,False
12.3436575,36.942734,424.0,0,1,3,glassy,False
12.496899,36.98858,424.5,0,1,3,glassy,False
12.425291,36.992115,425.0,0,1,3,glassy,False
12.440076,37.03976,425.5,0,1,3,glassy,False
12.3499975,36.958687,426.0,0,1,3,glassy,False
12.63963,37.134132,426.5,0,1,3,glassy,False
12.706645,37.105694,427.0,0,1,3,glassy,False
12.667475,37.086933,427.5,0,1,3,glassy,False
12.607477,37.069386,428.0,0,1,3,glassy,False
12.658481,37.000362,428.5,0,1,3,glassy,False
12.706425,37.045315,429.0,0,1,3,glassy,False
12.7124195,37.153675,429.5,0,1,3,glassy,False
12.923455,37.13129,430.0,0,1,3,glassy,False
13.105637,37.184086,430.5,0,1,3,glassy,False
13.079933,37.153427,431.0,0,1,3,glassy,False
13.632451,37.184975,431.5,0,1,3,glassy,False
13.763001,37.319374,432.0,0,1,3,glassy,False
13.821512,37.209785,432.5,0,1,3,glassy,False
13.838394,37.222927,433.0,0,1,3,glassy,False
13.925153,37.327023,433.5,0,1,3,glassy,False
14.077385,37.23768,434.0,0,1,3,glassy,False
13.947332,37.28535,434.5,0,1,3,glassy,False
14.011265,37.15821,435.0,0,1,3,glassy,False
13.923511,37.39833,435.5,0,1,3,glassy,False
13.965707,37.18075,436.0,0,1,3,glassy,False
13.84349,37.19372,436.5,0,1,3,glassy,False
13.853247,37.25336,437.0,0,1,3,glassy,False
13.974723,37.356857,437.5,0,1,3,glassy,False
14.028972,37.33357,438.0,0,1,3,glassy,False
14.236424,37.229473,438.5,0,1,3,glassy,False
14.09368,37.05136,439.0,0,1,3,glassy,False
13.989369,37.25316,439.5,0,1,3,glassy,False
14.099652,37.63539,440.0,0,1,3,glassy,False
14.100968,37.713608,440.5,0,1,3,glassy,False
14.124904,37.76795,441.0,0,1,3,glassy,False
14.255305,37.6624,441.5,0,1,3,glassy,False
14.067907,37.75582,442.0,0,1,3,glassy,False
14.173757,37.782173,442.5,0,1,3,glassy,False
14.103394,37.825207,443.0,0,1,3,glassy,False
14.160852,37.80132,443.5,0,1,3,glassy,False
14.25489,37.73906,444.0,0,1,3,glassy,False
14.322257,37.816868,444.5,0,1,3,glassy,False
14.360471,37.81225,445.0,0,1,3,glassy,False
14.465027,37.799053,445.5,0,1,3,glassy,False
14.284847,37.84038,446.0,0,1,3,glassy,False
14.417696,37.90453,446.5,0,1,3,glassy,False
14.497066,37.877117,447.0,0,1,3,glassy,False
14.621288,37.70215,447.5,0,1,3,glassy,False
14.685702,37.648132,448.0,0,1,3,glassy,False
14.90868,37.459923,448.5,0,1,3,glassy,False
14.860342,37.337055,449.0,0,1,3,glassy,False
14.801597,37.568443,449.5,0,1,3,glassy,False
15.182647,37.016914,450.0,0,1,3,glassy,False
15.226646,36.921383,450.5,0,1,3,glassy,False
15.327068,36.724945,451.0,0,1,3,glassy,False
15.405921,36.618336,451.5,0,1,3,glassy,False
15.254316,36.790302,452.0,0,1,3,glassy,False
15.351641,36.692562,452.5,0,1,3,glassy,False
15.347579,36.750336,453.0,0,1,3,glassy,False
15.332294,36.80084,453.5,0,1,3,glassy,False
15.362335,36.690628,454.0,0,1,3,glassy,False
15.398192,36.715336,454.5,0,1,3,glassy,False
15.400029,36.656178,455.0,0,1,3,glassy,False
15.384415,36.740784,455.5,0,1,3,glassy,False
15.412786,36.68898,456.0,0,1,3,glassy,False
15.41932,36.60835,456.5,0,1,3,glassy,False
15.408992,36.618153,457.0,0,1,3,glassy,False
15.478,36.58161,457.5,0,1,3,glassy,False
15.570382,36.74983,458.0,0,1,3,glassy,False
15.336762,36.524055,458.5,0,1,3,glassy,False
15.44093,36.656498,459.0,0,1,3,glassy,False
15.270442,36.47631,459.5,0,1,3,glassy,False
16.861195,36.846138,460.0,0,1,3,glassy,False
17.103874,36.926876,460.5,0,1,3,glassy,False
17.129026,36.979336,461.0,0,1,3,glassy,False
17.00507,37.128105,461.5,0,1,3,glassy,False
17.112312,37.00765,462.0,0,1,3,glassy,False
17.14917,37.03896,462.5,0,1,3,glassy,False
17.156889,36.999477,463.0,0,1,3,glassy,False
17.113688,37.025078,463.5,0,1,3,glassy,False
16.98398,37.10225,464.0,0,1,3,glassy,False
17.15392,36.967438,464.5,0,1,3,glassy,False
17.120552,37.05119,465.0,0,1,3,glassy,False
17.069424,37.027855,465.5,0,1,3,glassy,False
17.04926,37.06826,466.0,0,1,3,glassy,False
17.164398,36.993298,466.5,0,1,3,glassy,False
17.137794,36.98364,467.0,0,1,3,glassy,False
17.05485,37.050873,467.5,0,1,3,glassy,False
17.018293,37.113728,468.0,0,1,3,glassy,False
16.870213,37.267387,468.5,0,1,3,glassy,False
16.819653,37.23462,469.0,0,1,3,glassy,False
16.807653,37.14256,469.5,0,1,3,glassy,False
15.567639,35.21922,470.0,0,1,3,glassy,False
15.557173,35.18112,470.5,0,1,3,glassy,False
15.550194,35.18217,471.0,0,1,3,glassy,False
15.640271,35.223473,471.5,0,1,3,glassy,False
15.374184,35.364693,472.0,0,1,3,glassy,False
15.489999,35.302406,472.5,0,1,3,glassy,False
15.571817,35.174175,473.0,0,1,3,glassy,False
15.532167,35.201916,473.5,0,1,3,glassy,False
15.640398,35.096035,474.0,0,1,3,glassy,False
15.628873,35.093422,474.5,0,1,3,glassy,False
15.404708,35.299385,475.0,0,1,3,glassy,False
15.571735,35.23039,475.5,0,1,3,glassy,False
15.647214,35.060673,476.0,0,1,3,glassy,False
15.646725,35.068756,476.5,0,1,3,glassy,False
15.70438,35.014492,477.0,0,1,3,glassy,False
15.669041,35.05145,477.5,0,1,3,glassy,False
15.705128,35.028618,478.0,0,1,3,glassy,False
15.718494,35.009354,478.5,0,1,3,glassy,False
15.681148,35.038235,479.0,0,1,3,glassy,False
15.611165,35.039913,479.5,0,1,3,glassy,False
15.1947155,35.448074,480.0,0,1,3,glassy,False
15.096679,35.639835,480.5,0,1,3,glassy,False
15.121472,35.592216,481.0,0,1,3,glassy,False
15.169356,35.522186,481.5,0,1,3,glassy,False
14.8288145,35.69186,482.0,0,1,3,glassy,False
14.7045555,35.834255,482.5,0,1,3,glassy,False
14.79783,35.729702,483.0,0,1,3,glassy,False
14.629398,35.835144,483.5,0,1,3,glassy,False
14.344907,35.837788,484.0,0,1,3,glassy,False
14.270879,35.964764,484.5,0,1,3,glassy,False
14.343357,35.919235,485.0,0,1,3,glassy,False
14.328156,35.918888,485.5,0,1,3,glassy,False
14.284079,35.94479,486.0,0,1,3,glassy,False
14.166915,35.945057,486.5,0,1,3,glassy,False
14.177624,36.002956,487.0,0,1,3,glassy,False
14.344291,36.019432,487.5,0,1,3,glassy,False
14.165139,35.98392,488.0,0,1,3,glassy,False
14.022918,36.045597,488.5,0,1,3,glassy,False
14.161325,36.21704,489.0,0,1,3,glassy,False
14.15806,36.33586,489.5,0,1,3,glassy,False
14.119157,37.671818,490.0,0,1,3,glassy,False
14.132277,37.674686,490.5,0,1,3,glassy,False
14.032969,37.306267,491.0,0,1,3,glassy,False
14.2343645,37.591236,491.5,0,1,3,glassy,False
14.013812,37.316765,492.0,0,1,3,glassy,False
14.704242,37.341225,492.5,0,1,3,glassy,False
14.936601,37.483017,493.0,0,1,3,glassy,False
14.584082,37.30838,493.5,0,1,3,glassy,False
14.68296,37.23935,494.0,0,1,3,glassy,False
14.794872,37.3885,494.5,0,1,3,glassy,False
15.169851,37.475758,495.0,0,1,3,glassy,False
16.295868,37.34758,495.5,0,1,3,glassy,False
16.510424,37.28648,496.0,0,1,3,glassy,False
16.544928,37.306458,496.5,0,1,3,glassy,False
16.602459,37.324806,497.0,0,1,3,glassy,False
16.485834,37.342587,497.5,0,1,3,glassy,False
16.454546,37.40193,498.0,0,1,3,glassy,False
16.372074,37.431854,498.5,0,1,3,glassy,False
16.640648,37.32118,499.0,0,1,3,glassy,False
16.542732,37.336086,499.5,0,1,3,glassy,False
14.396728,35.88046,500.0,0,1,3,glassy,False
